    1    1    1    1    1    1    1    1    1    1  0.00000E+00 0.00000 
    2    2    1    1    1    1    1    1    1    1  0.00000E+00 0.00000 
    3    3    1    1    1    1    1    1    1    1  0.00000E+00 0.00000 
    4    4    1    1    1    1    1    1    1    1  0.00000E+00 0.00000 
    5    5    1    1    1    1    1    1    1    1  0.00000E+00 0.00000 
    6    6    1    1    1    1    1    1    1    1  0.00000E+00 0.00000 
    7    7    1    1    1    1    1    1    1    1  0.00000E+00 0.00000 
    8    8    1    1    1    1    1    1    1    1  0.00000E+00 0.00000 
    9    9    1    1    1    1    1    1    1    1  0.00000E+00 0.00000 
   10   10    1    1    1    1    1    1    1    1  0.00000E+00 0.00000 
   11   11    1    1    1    1    1    1    1    1  0.00000E+00 0.00000 
   12   12    1    1    1    1    1    1    1    1  0.00000E+00 0.00000 
   13   13    1    1    1    1    1    1    1    1  0.00000E+00 0.00000 
   14   14    1    1    1    1    1    1    1    1 -4.60131E+11 1.00000 
   15   15    1    1    1    1    1    1    1    1 -9.33294E+11 0.70643 
   16   16    1    1    1    1    1    1    1    1 -4.50211E+11 1.00000 
   17   17    1    1    1    1    1    1    1    1 -4.64403E+11 1.00000 
   18   18    1    1    1    1    1    1    1    1 -1.83709E+12 0.61251 
   19   19    1    1    1    1    1    1    1    1  0.00000E+00 0.00000 
   20   20    1    1    1    1    1    1    1    1 -9.22058E+11 0.70642 
   21   21    1    1    1    1    1    1    1    1 -8.93940E+11 0.70642 
   22   22    1    1    1    1    1    1    1    1 -1.84242E+12 0.61246 
   23   23    1    1    1    1    1    1    1    1 -5.03819E+12 0.29850 
   24   24    1    1    1    1    1    1    1    1 -4.62593E+12 0.31339 
   25   25    1    1    1    1    1    1    1    1 -5.10587E+12 0.37315 
   26   26    1    1    1    1    1    1    1    1 -5.87548E+12 0.27404 
   27   27    1    1    1    1    1    1    1    1 -3.19156E+12 0.37574 
   28   28    1    1    1    1    1    1    1    1 -6.81870E+12 0.28601 
   29   29    1    1    1    1    1    1    1    1 -2.23204E+12 0.44551 
   30   30    1    1    1    1    1    1    1    1 -5.02903E+12 0.29853 
   31   31    1    1    1    1    1    1    1    1 -5.46048E+12 0.28555 
   32   32    1    1    1    1    1    1    1    1 -4.57410E+12 0.31340 
   33   33    1    1    1    1    1    1    1    1 -6.33622E+12 0.26378 
   34   34    1    1    1    1    1    1    1    1 -6.38616E+12 0.28131 
   35   35    1    1    1    1    1    1    1    1 -1.41652E+13 0.18593 
   36   36    1    1    1    1    1    1    1    1 -1.50716E+13 0.19836 
   37   37    1    1    1    1    1    1    1    1 -1.32593E+13 0.21153 
   38   38    1    1    1    1    1    1    1    1 -1.64281E+13 0.17462 
   39   39    1    1    1    1    1    1    1    1 -1.19266E+13 0.19931 
   40   40    1    1    1    1    1    1    1    1 -6.43440E+12 0.26383 
   41   41    1    1    1    1    1    1    1    1 -1.73810E+13 0.16051 
   42   42    1    1    1    1    1    1    1    1 -1.41761E+13 0.18547 
   43   43    1    1    1    1    1    1    1    1 -1.08892E+13 0.21564 
   44   44    1    1    1    1    1    1    1    1 -1.37439E+13 0.17721 
   45   45    1    1    1    1    1    1    1    1 -1.28104E+13 0.19706 
   46   46    1    1    1    1    1    1    1    1 -5.43092E+12 0.28554 
   47   47    1    1    1    1    1    1    1    1 -3.19802E+12 0.37573 
   48   48    1    1    1    1    1    1    1    1 -4.52364E+12 0.31341 
   49   49    1    1    1    1    1    1    1    1 -5.07462E+12 0.29852 
   50   50    1    1    1    1    1    1    1    1 -3.66672E+12 0.35111 
   51   51    1    1    1    1    1    1    1    1 -2.75229E+12 0.40630 
   52   52    1    1    1    1    1    1    1    1 -3.23233E+12 0.37571 
   53   53    1    1    1    1    1    1    1    1 -4.58224E+11 1.00000 
   54   54    1    1    1    1    1    1    1    1 -9.14572E+11 0.70649 
   55   55    1    1    1    1    1    1    1    1 -2.75006E+12 0.40624 
   56   56    1    1    1    1    1    1    1    1 -4.43054E+11 1.00000 
   57   57    1    1    1    1    1    1    1    1 -1.37238E+12 0.57620 
   58   58    1    1    1    1    1    1    1    1 -9.10105E+11 0.70650 
   59   59    1    1    1    1    1    1    1    1 -1.80570E+12 0.49853 
   60   60    1    1    1    1    1    1    1    1 -2.77363E+12 0.40631 
   61   61    1    1    1    1    1    1    1    1 -2.29086E+12 0.44563 
   62   62    1    1    1    1    1    1    1    1 -1.35225E+12 0.57620 
   63   63    1    1    1    1    1    1    1    1 -2.32247E+12 0.44544 
   64   64    1    1    1    1    1    1    1    1 -2.73162E+12 0.40625 
   65   65    1    1    1    1    1    1    1    1 -6.38455E+12 0.26380 
   66   66    1    1    1    1    1    1    1    1 -6.38792E+12 0.28299 
   67   67    1    1    1    1    1    1    1    1 -4.98846E+12 0.29851 
   68   68    1    1    1    1    1    1    1    1 -5.91948E+12 0.27403 
   69   69    1    1    1    1    1    1    1    1 -1.73868E+13 0.17316 
   70   70    1    1    1    1    1    1    1    1 -1.55916E+13 0.18019 
   71   71    1    1    1    1    1    1    1    1 -1.55473E+13 0.18133 
   72   72    1    1    1    1    1    1    1    1 -2.01692E+13 0.15775 
   73   73    1    1    1    1    1    1    1    1 -1.60564E+13 0.17747 
   74   74    1    1    1    1    1    1    1    1 -3.52910E+13 0.12720 
   75   75    1    1    1    1    1    1    1    1 -3.23902E+13 0.12330 
   76   76    1    1    1    1    1    1    1    1 -2.64875E+13 0.13718 
   77   77    1    1    1    1    1    1    1    1 -3.18914E+13 0.12643 
   78   78    1    1    1    1    1    1    1    1 -2.74023E+13 0.13635 
   79   79    1    1    1    1    1    1    1    1 -1.69486E+13 0.17183 
   80   80    1    1    1    1    1    1    1    1 -3.70052E+13 0.11591 
   81   81    1    1    1    1    1    1    1    1 -2.46852E+13 0.13414 
   82   82    1    1    1    1    1    1    1    1 -2.79032E+13 0.13088 
   83   83    1    1    1    1    1    1    1    1 -1.99731E+13 0.15457 
   84   84    1    1    1    1    1    1    1    1 -2.14227E+13 0.13902 
   85   85    1    1    1    1    1    1    1    1 -2.54677E+13 0.14228 
   86   86    1    1    1    1    1    1    1    1 -2.14347E+13 0.15747 
   87   87    1    1    1    1    1    1    1    1 -2.04702E+13 0.14906 
   88   88    1    1    1    1    1    1    1    1 -1.96944E+13 0.15312 
   89   89    1    1    1    1    1    1    1    1 -1.87319E+13 0.16929 
   90   90    1    1    1    1    1    1    1    1 -4.60338E+12 0.31339 
   91   91    1    1    1    1    1    1    1    1 -6.85221E+12 0.25459 
   92   92    1    1    1    1    1    1    1    1 -1.87273E+13 0.17940 
   93   93    1    1    1    1    1    1    1    1 -5.12413E+13 0.10379 
   94   94    1    1    1    1    1    1    1    1 -3.51565E+13 0.11442 
   95   95    1    1    1    1    1    1    1    1 -4.80360E+13 0.10632 
   96   96    1    1    1    1    1    1    1    1 -1.10540E+14 0.07554 
   97   97    1    1    1    1    1    1    1    1 -2.10163E+13 0.14388 
   98   98    1    1    1    1    1    1    1    1 -3.47249E+13 0.12086 
   99   99    1    1    1    1    1    1    1    1 -3.61226E+13 0.12050 
  100  100    1    1    1    1    1    1    1    1 -8.68314E+12 0.23720 
  101  101    1    1    1    1    1    1    1    1 -3.66955E+12 0.35118 
  102  102    1    1    1    1    1    1    1    1 -4.47322E+11 1.00000 
  103  103    1    1    1    1    1    1    1    1 -3.62888E+12 0.35113 
  104  104    1    1    1    1    1    1    1    1 -8.24487E+12 0.23170 
  105  105    1    1    1    1    1    1    1    1 -7.76737E+13 0.08441 
  106  106    1    1    1    1    1    1    1    1 -4.33849E+13 0.10685 
  107  107    1    1    1    1    1    1    1    1 -7.39138E+13 0.08080 
  108  108    1    1    1    1    1    1    1    1 -9.55752E+13 0.07268 
  109  109    1    1    1    1    1    1    1    1 -1.28020E+13 0.18383 
  110  110    1    1    1    1    1    1    1    1 -4.15879E+13 0.11037 
  111  111    1    1    1    1    1    1    1    1 -5.07159E+13 0.10622 
  112  112    1    1    1    1    1    1    1    1 -3.65315E+13 0.11270 
  113  113    1    1    1    1    1    1    1    1 -3.66660E+13 0.12089 
  114  114    1    1    1    1    1    1    1    1 -4.38849E+13 0.10301 
  115  115    1    1    1    1    1    1    1    1 -4.57146E+13 0.10208 
  116  116    1    1    1    1    1    1    1    1 -5.25070E+13 0.10132 
  117  117    1    1    1    1    1    1    1    1 -6.87541E+12 0.25463 
  118  118    1    1    1    1    1    1    1    1 -1.27092E+13 0.19740 
  119  119    1    1    1    1    1    1    1    1 -1.67945E+13 0.16719 
  120  120    1    1    1    1    1    1    1    1 -4.57081E+13 0.09701 
  121  121    1    1    1    1    1    1    1    1 -9.11874E+13 0.07440 
  122  122    1    1    1    1    1    1    1    1 -9.38526E+13 0.07602 
  123  123    1    1    1    1    1    1    1    1 -8.49599E+13 0.07313 
  124  124    1    1    1    1    1    1    1    1 -2.87179E+13 0.12610 
  125  125    1    1    1    1    1    1    1    1 -1.14459E+13 0.19515 
  126  126    1    1    1    1    1    1    1    1 -3.66494E+13 0.11712 
  127  127    1    1    1    1    1    1    1    1 -6.87150E+12 0.27233 
  128  128    1    1    1    1    1    1    1    1 -9.11293E+12 0.23036 
  129  129    1    1    1    1    1    1    1    1 -7.26908E+12 0.26106 
  130  130    1    1    1    1    1    1    1    1 -2.50676E+13 0.13248 
  131  131    1    1    1    1    1    1    1    1 -2.32112E+13 0.14405 
  132  132    1    1    1    1    1    1    1    1 -3.29174E+13 0.12079 
  133  133    1    1    1    1    1    1    1    1 -1.09519E+13 0.21591 
  134  134    1    1    1    1    1    1    1    1 -4.19267E+13 0.10263 
  135  135    1    1    1    1    1    1    1    1 -4.43824E+13 0.10665 
  136  136    1    1    1    1    1    1    1    1 -4.33129E+13 0.10625 
  137  137    1    1    1    1    1    1    1    1 -3.47174E+13 0.11540 
  138  138    1    1    1    1    1    1    1    1 -5.02793E+13 0.09461 
  139  139    1    1    1    1    1    1    1    1 -3.65405E+13 0.11699 
  140  140    1    1    1    1    1    1    1    1 -2.56567E+13 0.13314 
  141  141    1    1    1    1    1    1    1    1 -3.66007E+13 0.11131 
  142  142    1    1    1    1    1    1    1    1 -3.75567E+13 0.10968 
  143  143    1    1    1    1    1    1    1    1 -3.37084E+13 0.12159 
  144  144    1    1    1    1    1    1    1    1 -1.23151E+14 0.06349 
  145  145    1    1    1    1    1    1    1    1 -4.94854E+13 0.09933 
  146  146    1    1    1    1    1    1    1    1 -8.01515E+13 0.07873 
  147  147    1    1    1    1    1    1    1    1 -4.57956E+13 0.10211 
  148  148    1    1    1    1    1    1    1    1 -1.23399E+14 0.06453 
  149  149    1    1    1    1    1    1    1    1 -8.91816E+13 0.07263 
  150  150    1    1    1    1    1    1    1    1 -8.09396E+13 0.08176 
  151  151    1    1    1    1    1    1    1    1 -2.78937E+13 0.12011 
  152  152    1    1    1    1    1    1    1    1 -1.53928E+14 0.05763 
  153  153    1    1    1    1    1    1    1    1 -2.01347E+14 0.05346 
  154  154    1    1    1    1    1    1    1    1 -1.66858E+14 0.05528 
  155  155    1    1    1    1    1    1    1    1 -1.31536E+14 0.06213 
  156  156    1    1    1    1    1    1    1    1 -6.85528E+13 0.08155 
  157  157    1    1    1    1    1    1    1    1 -6.21029E+13 0.08735 
  158  158    1    1    1    1    1    1    1    1 -1.13575E+15 0.02624 
  159  159    1    1    1    1    1    1    1    1 -1.15799E+14 0.06599 
  160  160    1    1    1    1    1    1    1    1 -2.42563E+14 0.04803 
  161  161    1    1    1    1    1    1    1    1 -1.56092E+13 0.17588 
  162  162    1    1    1    1    1    1    1    1 -4.27625E+14 0.03460 
  163  163    1    1    1    1    1    1    1    1 -6.27661E+14 0.03126 
  164  164    1    1    1    1    1    1    1    1 -2.70915E+14 0.04194 
  165  165    1    1    1    1    1    1    1    1 -3.18129E+15 0.01644 
  166  166    1    1    1    1    1    1    1    1 -1.51623E+15 0.02013 
  167  167    1    1    1    1    1    1    1    1 -1.49570E+14 0.05275 
  168  168    1    1    1    1    1    1    1    1 -2.25339E+15 0.01784 
  169  169    1    1    1    1    1    1    1    1 -1.87729E+15 0.01854 
  170  170    1    1    1    1    1    1    1    1 -4.13612E+15 0.01343 
  171  171    1    1    1    1    1    1    1    1 -5.28380E+14 0.03015 
  172  172    1    1    1    1    1    1    1    1 -3.32528E+15 0.01355 
  173  173    1    1    1    1    1    1    1    1 -5.69965E+15 0.01066 
  174  174    1    1    1    1    1    1    1    1 -1.18476E+15 0.01943 
  175  175    1    1    1    1    1    1    1    1 -2.47908E+15 0.01471 
  176  176    1    1    1    1    1    1    1    1 -1.49039E+15 0.01748 
  177  177    1    1    1    1    1    1    1    1 -5.05628E+15 0.01160 
  178  178    1    1    1    1    1    1    1    1 -1.23450E+15 0.02008 
  179  179    1    1    1    1    1    1    1    1 -1.76183E+16 0.00681 
  180  180    1    1    1    1    1    1    1    1 -1.39139E+16 0.00709 
  181  181    1    1    1    1    1    1    1    1 -8.78080E+15 0.00828 
  182  182    1    1    1    1    1    1    1    1 -2.33225E+16 0.00597 
  183  183    1    1    1    1    1    1    1    1 -2.70205E+16 0.00525 
  184  184    1    1    1    1    1    1    1    1 -6.24570E+16 0.00389 
  185  185    1    1    1    1    1    1    1    1 -2.33040E+16 0.00528 
  186  186    1    1    1    1    1    1    1    1 -6.86543E+16 0.00363 
  187  187    1    1    1    1    1    1    1    1 -2.27050E+16 0.00526 
  188  188    1    1    1    1    1    1    1    1 -6.65901E+15 0.00833 
  189  189    1    1    1    1    1    1    1    1 -3.23572E+16 0.00441 
  190  190    1    1    1    1    1    1    1    1 -5.79311E+16 0.00342 
  191  191    1    1    1    1    1    1    1    1 -5.18990E+15 0.00931 
  192  192    1    1    1    1    1    1    1    1 -2.99507E+16 0.00435 
  193  193    1    1    1    1    1    1    1    1 -6.79675E+15 0.00867 
  194  194    1    1    1    1    1    1    1    1 -4.32461E+16 0.00397 
  195  195    1    1    1    1    1    1    1    1 -8.47955E+16 0.00311 
  196  196    1    1    1    1    1    1    1    1 -5.28771E+16 0.00342 
  197  197    1    1    1    1    1    1    1    1 -1.04662E+17 0.00276 
  198  198    1    1    1    1    1    1    1    1 -1.14744E+17 0.00275 
  199  199    1    1    1    1    1    1    1    1 -8.39760E+16 0.00286 
  200  200    1    1    1    1    1    1    1    1 -7.78791E+16 0.00315 
  201  201    1    1    1    1    1    1    1    1 -1.54018E+16 0.00585 
  202  202    1    1    1    1    1    1    1    1 -1.66958E+16 0.00582 
  203  203    1    1    1    1    1    1    1    1 -2.47588E+16 0.00477 
  204  204    1    1    1    1    1    1    1    1 -2.22176E+16 0.00484 
  205  205    1    1    1    1    1    1    1    1 -3.34520E+16 0.00397 
  206  206    1    1    1    1    1    1    1    1 -1.35922E+16 0.00602 
  207  207    1    1    1    1    1    1    1    1 -1.50294E+16 0.00578 
  208  208    1    1    1    1    1    1    1    1 -3.47570E+16 0.00428 
  209  209    1    1    1    1    1    1    1    1 -3.30858E+15 0.01202 
  210  210    1    1    1    1    1    1    1    1 -2.51319E+16 0.00462 
  211  211    1    1    1    1    1    1    1    1 -1.81876E+16 0.00547 
  212  212    1    1    1    1    1    1    1    1 -9.85112E+15 0.00705 
  213  213    1    1    1    1    1    1    1    1 -2.82094E+15 0.01262 
  214  214    1    1    1    1    1    1    1    1 -5.46148E+15 0.00883 
  215  215    1    1    1    1    1    1    1    1 -3.95583E+15 0.01108 
  216  216    1    1    1    1    1    1    1    1 -1.61501E+16 0.00574 
  217  217    1    1    1    1    1    1    1    1 -1.24798E+16 0.00641 
  218  218    1    1    1    1    1    1    1    1 -1.21497E+16 0.00654 
  219  219    1    1    1    1    1    1    1    1 -5.23271E+15 0.00924 
  220  220    1    1    1    1    1    1    1    1 -6.25152E+15 0.00853 
  221  221    1    1    1    1    1    1    1    1 -3.26359E+15 0.01179 
  222  222    1    1    1    1    1    1    1    1 -3.67905E+15 0.01137 
  223  223    1    1    1    1    1    1    1    1 -7.22018E+15 0.00804 
  224  224    1    1    1    1    1    1    1    1 -1.99597E+16 0.00525 
  225  225    1    1    1    1    1    1    1    1 -1.88529E+16 0.00529 
  226  226    1    1    1    1    1    1    1    1 -3.63562E+15 0.01106 
  227  227    1    1    1    1    1    1    1    1 -1.14108E+16 0.00683 
  228  228    1    1    1    1    1    1    1    1 -1.47586E+16 0.00596 
  229  229    1    1    1    1    1    1    1    1 -2.85831E+15 0.01331 
  230  230    1    1    1    1    1    1    1    1 -4.86931E+15 0.00997 
  231  231    1    1    1    1    1    1    1    1 -1.61320E+15 0.01628 
  232  232    1    1    1    1    1    1    1    1 -4.37110E+14 0.03405 
  233  233    1    1    1    1    1    1    1    1 -1.32117E+14 0.05897 
  234  234    1    1    1    1    1    1    1    1 -8.65956E+12 0.23734 
  235  235    1    1    1    1    1    1    1    1 -4.53082E+12 0.31347 
  236  236    1    1    1    1    1    1    1    1 -1.36228E+12 0.57634 
  237  237    1    1    1    1    1    1    1    1 -4.51493E+11 1.00000 
  238  238    1    1    1    1    1    1    1    1 -4.61228E+11 1.00000 