 1.00000E-11  1.00000E-10  5.50000E-11
 1.00000E-10  5.00000E-10  3.00000E-10
 5.00000E-10  7.50000E-10  6.25000E-10
 7.50000E-10  1.00000E-09  8.75000E-10
 1.00000E-09  1.20000E-09  1.10000E-09
 1.20000E-09  1.50000E-09  1.35000E-09
 1.50000E-09  2.00000E-09  1.75000E-09
 2.00000E-09  2.50000E-09  2.25000E-09
 2.50000E-09  3.00000E-09  2.75000E-09
 3.00000E-09  4.00000E-09  3.50000E-09
 4.00000E-09  5.00000E-09  4.50000E-09
 5.00000E-09  7.50000E-09  6.25000E-09
 7.50000E-09  1.00000E-08  8.75000E-09
 1.00000E-08  2.53000E-08  1.76500E-08
 2.53000E-08  3.00000E-08  2.76500E-08
 3.00000E-08  4.00000E-08  3.50000E-08
 4.00000E-08  5.00000E-08  4.50000E-08
 5.00000E-08  6.00000E-08  5.50000E-08
 6.00000E-08  7.00000E-08  6.50000E-08
 7.00000E-08  8.00000E-08  7.50000E-08
 8.00000E-08  9.00000E-08  8.50000E-08
 9.00000E-08  1.00000E-07  9.50000E-08
 1.00000E-07  1.25000E-07  1.12500E-07
 1.25000E-07  1.50000E-07  1.37500E-07
 1.50000E-07  1.75000E-07  1.62500E-07
 1.75000E-07  2.00000E-07  1.87500E-07
 2.00000E-07  2.25000E-07  2.12500E-07
 2.25000E-07  2.50000E-07  2.37500E-07
 2.50000E-07  2.75000E-07  2.62500E-07
 2.75000E-07  3.00000E-07  2.87500E-07
 3.00000E-07  3.25000E-07  3.12500E-07
 3.25000E-07  3.50000E-07  3.37500E-07
 3.50000E-07  3.75000E-07  3.62500E-07
 3.75000E-07  4.00000E-07  3.87500E-07
 4.00000E-07  4.50000E-07  4.25000E-07
 4.50000E-07  5.00000E-07  4.75000E-07
 5.00000E-07  5.50000E-07  5.25000E-07
 5.50000E-07  6.00000E-07  5.75000E-07
 6.00000E-07  6.25000E-07  6.12500E-07
 6.25000E-07  6.50000E-07  6.37500E-07
 6.50000E-07  7.00000E-07  6.75000E-07
 7.00000E-07  7.50000E-07  7.25000E-07
 7.50000E-07  8.00000E-07  7.75000E-07
 8.00000E-07  8.50000E-07  8.25000E-07
 8.50000E-07  9.00000E-07  8.75000E-07
 9.00000E-07  9.25000E-07  9.12500E-07
 9.25000E-07  9.50000E-07  9.37500E-07
 9.50000E-07  9.75000E-07  9.62500E-07
 9.75000E-07  1.00000E-06  9.87500E-07
 1.00000E-06  1.01000E-06  1.00500E-06
 1.01000E-06  1.02000E-06  1.01500E-06
 1.02000E-06  1.03000E-06  1.02500E-06
 1.03000E-06  1.04000E-06  1.03500E-06
 1.04000E-06  1.05000E-06  1.04500E-06
 1.05000E-06  1.06000E-06  1.05500E-06
 1.06000E-06  1.07000E-06  1.06500E-06
 1.07000E-06  1.08000E-06  1.07500E-06
 1.08000E-06  1.09000E-06  1.08500E-06
 1.09000E-06  1.10000E-06  1.09500E-06
 1.10000E-06  1.11000E-06  1.10500E-06
 1.11000E-06  1.12000E-06  1.11500E-06
 1.12000E-06  1.13000E-06  1.12500E-06
 1.13000E-06  1.14000E-06  1.13500E-06
 1.14000E-06  1.15000E-06  1.14500E-06
 1.15000E-06  1.17500E-06  1.16250E-06
 1.17500E-06  1.20000E-06  1.18750E-06
 1.20000E-06  1.22500E-06  1.21250E-06
 1.22500E-06  1.25000E-06  1.23750E-06
 1.25000E-06  1.30000E-06  1.27500E-06
 1.30000E-06  1.35000E-06  1.32500E-06
 1.35000E-06  1.40000E-06  1.37500E-06
 1.40000E-06  1.45000E-06  1.42500E-06
 1.45000E-06  1.50000E-06  1.47500E-06
 1.50000E-06  1.59000E-06  1.54500E-06
 1.59000E-06  1.68000E-06  1.63500E-06
 1.68000E-06  1.77000E-06  1.72500E-06
 1.77000E-06  1.86000E-06  1.81500E-06
 1.86000E-06  1.94000E-06  1.90000E-06
 1.94000E-06  2.00000E-06  1.97000E-06
 2.00000E-06  2.12000E-06  2.06000E-06
 2.12000E-06  2.21000E-06  2.16500E-06
 2.21000E-06  2.30000E-06  2.25500E-06
 2.30000E-06  2.38000E-06  2.34000E-06
 2.38000E-06  2.47000E-06  2.42500E-06
 2.47000E-06  2.57000E-06  2.52000E-06
 2.57000E-06  2.67000E-06  2.62000E-06
 2.67000E-06  2.77000E-06  2.72000E-06
 2.77000E-06  2.87000E-06  2.82000E-06
 2.87000E-06  2.97000E-06  2.92000E-06
 2.97000E-06  3.00000E-06  2.98500E-06
 3.00000E-06  3.05000E-06  3.02500E-06
 3.05000E-06  3.15000E-06  3.10000E-06
 3.15000E-06  3.50000E-06  3.32500E-06
 3.50000E-06  3.73000E-06  3.61500E-06
 3.73000E-06  4.00000E-06  3.86500E-06
 4.00000E-06  4.75000E-06  4.37500E-06
 4.75000E-06  5.00000E-06  4.87500E-06
 5.00000E-06  5.40000E-06  5.20000E-06
 5.40000E-06  6.00000E-06  5.70000E-06
 6.00000E-06  6.25000E-06  6.12500E-06
 6.25000E-06  6.50000E-06  6.37500E-06
 6.50000E-06  6.75000E-06  6.62500E-06
 6.75000E-06  7.00000E-06  6.87500E-06
 7.00000E-06  7.15000E-06  7.07500E-06
 7.15000E-06  8.10000E-06  7.62500E-06
 8.10000E-06  9.10000E-06  8.60000E-06
 9.10000E-06  1.00000E-05  9.55000E-06
 1.00000E-05  1.15000E-05  1.07500E-05
 1.15000E-05  1.19000E-05  1.17000E-05
 1.19000E-05  1.29000E-05  1.24000E-05
 1.29000E-05  1.37500E-05  1.33250E-05
 1.37500E-05  1.44000E-05  1.40750E-05
 1.44000E-05  1.51000E-05  1.47500E-05
 1.51000E-05  1.60000E-05  1.55500E-05
 1.60000E-05  1.70000E-05  1.65000E-05
 1.70000E-05  1.85000E-05  1.77500E-05
 1.85000E-05  1.90000E-05  1.87500E-05
 1.90000E-05  2.00000E-05  1.95000E-05
 2.00000E-05  2.10000E-05  2.05000E-05
 2.10000E-05  2.25000E-05  2.17500E-05
 2.25000E-05  2.50000E-05  2.37500E-05
 2.50000E-05  2.75000E-05  2.62500E-05
 2.75000E-05  3.00000E-05  2.87500E-05
 3.00000E-05  3.12500E-05  3.06250E-05
 3.12500E-05  3.17500E-05  3.15000E-05
 3.17500E-05  3.32500E-05  3.25000E-05
 3.32500E-05  3.37500E-05  3.35000E-05
 3.37500E-05  3.46000E-05  3.41750E-05
 3.46000E-05  3.55000E-05  3.50500E-05
 3.55000E-05  3.70000E-05  3.62500E-05
 3.70000E-05  3.80000E-05  3.75000E-05
 3.80000E-05  3.91000E-05  3.85500E-05
 3.91000E-05  3.96000E-05  3.93500E-05
 3.96000E-05  4.10000E-05  4.03000E-05
 4.10000E-05  4.24000E-05  4.17000E-05
 4.24000E-05  4.40000E-05  4.32000E-05
 4.40000E-05  4.52000E-05  4.46000E-05
 4.52000E-05  4.70000E-05  4.61000E-05
 4.70000E-05  4.83000E-05  4.76500E-05
 4.83000E-05  4.92000E-05  4.87500E-05
 4.92000E-05  5.06000E-05  4.99000E-05
 5.06000E-05  5.20000E-05  5.13000E-05
 5.20000E-05  5.34000E-05  5.27000E-05
 5.34000E-05  5.90000E-05  5.62000E-05
 5.90000E-05  6.10000E-05  6.00000E-05
 6.10000E-05  6.50000E-05  6.30000E-05
 6.50000E-05  6.75000E-05  6.62500E-05
 6.75000E-05  7.20000E-05  6.97500E-05
 7.20000E-05  7.60000E-05  7.40000E-05
 7.60000E-05  8.00000E-05  7.80000E-05
 8.00000E-05  8.20000E-05  8.10000E-05
 8.20000E-05  9.00000E-05  8.60000E-05
 9.00000E-05  1.00000E-04  9.50000E-05
 1.00000E-04  1.08000E-04  1.04000E-04
 1.08000E-04  1.15000E-04  1.11500E-04
 1.15000E-04  1.19000E-04  1.17000E-04
 1.19000E-04  1.22000E-04  1.20500E-04
 1.22000E-04  1.86000E-04  1.54000E-04
 1.86000E-04  1.92500E-04  1.89250E-04
 1.92500E-04  2.07500E-04  2.00000E-04
 2.07500E-04  2.10000E-04  2.08750E-04
 2.10000E-04  2.40000E-04  2.25000E-04
 2.40000E-04  2.85000E-04  2.62500E-04
 2.85000E-04  3.05000E-04  2.95000E-04
 3.05000E-04  5.50000E-04  4.27500E-04
 5.50000E-04  6.70000E-04  6.10000E-04
 6.70000E-04  6.83000E-04  6.76500E-04
 6.83000E-04  9.50000E-04  8.16500E-04
 9.50000E-04  1.15000E-03  1.05000E-03
 1.15000E-03  1.50000E-03  1.32500E-03
 1.50000E-03  1.55000E-03  1.52500E-03
 1.55000E-03  1.80000E-03  1.67500E-03
 1.80000E-03  2.20000E-03  2.00000E-03
 2.20000E-03  2.29000E-03  2.24500E-03
 2.29000E-03  2.58000E-03  2.43500E-03
 2.58000E-03  3.00000E-03  2.79000E-03
 3.00000E-03  3.74000E-03  3.37000E-03
 3.74000E-03  3.90000E-03  3.82000E-03
 3.90000E-03  6.00000E-03  4.95000E-03
 6.00000E-03  8.03000E-03  7.01500E-03
 8.03000E-03  9.50000E-03  8.76500E-03
 9.50000E-03  1.30000E-02  1.12500E-02
 1.30000E-02  1.70000E-02  1.50000E-02
 1.70000E-02  2.50000E-02  2.10000E-02
 2.50000E-02  3.00000E-02  2.75000E-02
 3.00000E-02  4.50000E-02  3.75000E-02
 4.50000E-02  5.00000E-02  4.75000E-02
 5.00000E-02  5.20000E-02  5.10000E-02
 5.20000E-02  6.00000E-02  5.60000E-02
 6.00000E-02  7.30000E-02  6.65000E-02
 7.30000E-02  7.50000E-02  7.40000E-02
 7.50000E-02  8.20000E-02  7.85000E-02
 8.20000E-02  8.50000E-02  8.35000E-02
 8.50000E-02  1.00000E-01  9.25000E-02
 1.00000E-01  1.28300E-01  1.14150E-01
 1.28300E-01  1.50000E-01  1.39150E-01
 1.50000E-01  2.00000E-01  1.75000E-01
 2.00000E-01  2.70000E-01  2.35000E-01
 2.70000E-01  3.30000E-01  3.00000E-01
 3.30000E-01  4.00000E-01  3.65000E-01
 4.00000E-01  4.20000E-01  4.10000E-01
 4.20000E-01  4.40000E-01  4.30000E-01
 4.40000E-01  4.70000E-01  4.55000E-01
 4.70000E-01  4.99520E-01  4.84760E-01
 4.99520E-01  5.50000E-01  5.24760E-01
 5.50000E-01  5.73000E-01  5.61500E-01
 5.73000E-01  6.00000E-01  5.86500E-01
 6.00000E-01  6.70000E-01  6.35000E-01
 6.70000E-01  6.79000E-01  6.74500E-01
 6.79000E-01  7.50000E-01  7.14500E-01
 7.50000E-01  8.20000E-01  7.85000E-01
 8.20000E-01  8.61100E-01  8.40550E-01
 8.61100E-01  8.75000E-01  8.68050E-01
 8.75000E-01  9.00000E-01  8.87500E-01
 9.00000E-01  9.20000E-01  9.10000E-01
 9.20000E-01  1.01000E+00  9.65000E-01
 1.01000E+00  1.10000E+00  1.05500E+00
 1.10000E+00  1.20000E+00  1.15000E+00
 1.20000E+00  1.25000E+00  1.22500E+00
 1.25000E+00  1.31700E+00  1.28350E+00
 1.31700E+00  1.35600E+00  1.33650E+00
 1.35600E+00  1.40000E+00  1.37800E+00
 1.40000E+00  1.50000E+00  1.45000E+00
 1.50000E+00  1.85000E+00  1.67500E+00
 1.85000E+00  2.35400E+00  2.10200E+00
 2.35400E+00  2.47900E+00  2.41650E+00
 2.47900E+00  3.00000E+00  2.73950E+00
 3.00000E+00  4.30400E+00  3.65200E+00
 4.30400E+00  4.80000E+00  4.55200E+00
 4.80000E+00  6.43400E+00  5.61700E+00
 6.43400E+00  8.18730E+00  7.31065E+00
 8.18730E+00  1.00000E+01  9.09365E+00
 1.00000E+01  1.28400E+01  1.14200E+01
 1.28400E+01  1.38400E+01  1.33400E+01
 1.38400E+01  1.45500E+01  1.41950E+01
 1.45500E+01  1.56830E+01  1.51165E+01
 1.56830E+01  1.73330E+01  1.65080E+01
 1.73330E+01  2.00000E+01  1.86665E+01