1.748830E+6 0.000000E+0 
1.800000E+6 1.000000E-4 
1.900000E+6 8.667000E-4
2.000000E+6 2.200000E-3 
2.100000E+6 4.400000E-3 
2.200000E+6 8.000000E-3
2.700000E+6 3.300000E-2 
2.900000E+6 2.700000E-1 
3.100000E+6 3.700000E-1
3.300000E+6 4.270000E-1 
3.500000E+6 4.680000E-1 
3.900000E+6 5.100000E-1
4.300000E+6 5.270000E-1 
4.800000E+6 5.400000E-1 
5.400000E+6 5.500000E-1
5.900000E+6 5.570000E-1 
6.450000E+6 5.580000E-1 
7.000000E+6 5.590000E-1
9.000000E+6 5.470000E-1 
1.070000E+7 5.300000E-1 
1.310000E+7 5.000000E-1
1.600000E+7 4.550000E-1 
1.800000E+7 4.180000E-1 
2.000000E+7 3.750000E-1