1.000000E-5 5.050624E-1
 1.000000E-4 1.590600E-1
 1.000000E-3 5.050673E-2
  1.000000E-2 1.590607E-2
 2.530000E-2 1.003539E-2
 1.000000E-1 5.050999E-3
  1.000000E+0 1.596340E-3
 1.000000E+1 5.036196E-4
 1.000000E+2 1.597723E-4
  1.000000E+3 5.083169E-5
 1.000000E+4 1.644537E-5
 2.000000E+4 1.180905E-5
  4.000000E+4 8.580338E-6
 5.000000E+4 7.860339E-6
 6.000000E+4 7.140341E-6
  8.000000E+4 6.305566E-6
 1.000000E+5 5.729183E-6
 1.500000E+5 4.838702E-6
  2.000000E+5 4.313453E-6
 2.500000E+5 3.482023E-6
 3.000000E+5 3.225693E-6
  3.500000E+5 3.262773E-6
 4.000000E+5 3.098424E-6
 4.100000E+5 3.074314E-6
  4.200000E+5 3.288624E-6
 4.300000E+5 3.026095E-6
 4.400000E+5 3.001985E-6
  4.500000E+5 2.977875E-6
 4.600000E+5 3.192185E-6
 4.700000E+5 2.929655E-6
  4.800000E+5 2.905546E-6
 4.900000E+5 3.119856E-6
 5.000000E+5 2.857326E-6
  5.100000E+5 2.840298E-6
 5.200000E+5 2.823270E-6
 5.300000E+5 3.044663E-6
  5.400000E+5 3.027635E-6
 5.500000E+5 3.010607E-6
 5.600000E+5 2.993579E-6
  5.700000E+5 2.738131E-6
 5.800000E+5 2.721104E-6
 5.900000E+5 2.704076E-6
  6.000000E+5 2.845995E-6
 6.050000E+5 2.918898E-6
 6.100000E+5 2.912327E-6
  6.150000E+5 2.905757E-6
 6.160000E+5 2.904443E-6
 6.170000E+5 2.903129E-6
  6.180000E+5 2.424985E-6
 6.190000E+5 2.900501E-6
 6.200000E+5 2.899187E-6
  6.210000E+5 2.897873E-6
 6.220000E+5 2.896558E-6
 6.230000E+5 2.895244E-6
  6.240000E+5 2.893930E-6
 6.250000E+5 2.415786E-6
 6.300000E+5 2.886046E-6
  6.350000E+5 2.879476E-6
 6.400000E+5 2.872905E-6
 6.450000E+5 2.389505E-6
  6.500000E+5 2.859764E-6
 6.550000E+5 2.614774E-6
 6.600000E+5 2.608204E-6
  6.650000E+5 2.601633E-6
 6.671530E+5 2.598804E-6
 6.700000E+5 3.548783E-6
  6.750000E+5 4.734313E-6
 6.800000E+5 6.635042E-6
 6.850000E+5 7.582172E-6
  6.900000E+5 8.767702E-6
 6.950000E+5 1.066843E-5
 7.000000E+5 1.161556E-5
  7.050000E+5 1.256372E-5
 7.100000E+5 1.446548E-5
 7.150000E+5 1.565204E-5
  7.200000E+5 1.660020E-5
 7.250000E+5 1.874036E-5
 7.300000E+5 1.968853E-5
  7.350000E+5 2.159039E-5
 7.400000E+5 2.277695E-5
 7.450000E+5 3.159291E-5
  7.500000E+5 3.969357E-5
 7.550000E+5 4.850953E-5
 7.600000E+5 5.756389E-5
  7.650000E+5 6.661825E-5
 7.700000E+5 7.471891E-5
 7.750000E+5 8.353487E-5
  7.800000E+5 9.258923E-5
 7.850000E+5 1.014052E-4
 7.900000E+5 1.104596E-4
  7.950000E+5 1.185602E-4
 8.000000E+5 1.276146E-4
 8.010000E+5 1.295211E-4
  8.020000E+5 1.304740E-4
 8.030000E+5 1.323805E-4
 8.040000E+5 1.345254E-4
  8.050000E+5 1.366703E-4
 8.060000E+5 1.385769E-4
 8.070000E+5 1.404833E-4
  8.080000E+5 1.423899E-4
 8.090000E+5 1.438196E-4
 8.100000E+5 1.452493E-4
  8.110000E+5 1.471558E-4
 8.120000E+5 1.485855E-4
 8.130000E+5 1.504920E-4
  8.140000E+5 1.528753E-4
 8.150000E+5 1.543050E-4
 8.160000E+5 1.557347E-4
  8.170000E+5 1.571643E-4
 8.180000E+5 1.595477E-4
 8.190000E+5 1.605006E-4
  8.200000E+5 1.626455E-4
 8.250000E+5 1.714629E-4
 8.300000E+5 1.795649E-4
  8.350000E+5 1.886206E-4
 8.400000E+5 1.974380E-4
 8.450000E+5 2.064937E-4
  8.600000E+5 2.324688E-4
 8.700000E+5 2.493882E-4
 8.800000E+5 2.674997E-4
  8.900000E+5 2.846576E-4
 9.000000E+5 3.025306E-4
 9.500000E+5 5.025262E-4
  1.000000E+6 7.022833E-4
 1.050000E+6 1.002428E-3
 1.100000E+6 1.702163E-3
  1.150000E+6 2.802441E-3
 1.200000E+6 4.002139E-3
 1.300000E+6 7.079360E-3
  1.400000E+6 1.129217E-2
 1.500000E+6 1.600232E-2
 1.600000E+6 2.180206E-2
  1.748830E+6 3.043409E-2
 1.800000E+6 3.350204E-2
 1.900000E+6 4.006902E-2
  2.000000E+6 4.720200E-2
 2.100000E+6 5.773496E-2
 2.200000E+6 6.966899E-2
  2.300000E+6 8.300193E-2
 2.400000E+6 9.633487E-2
 2.500000E+6 1.096689E-1
  2.600000E+6 1.230019E-1
 2.650000E+6 1.280021E-1
 2.700000E+6 1.330019E-1
  2.710000E+6 1.453520E-1
 2.720000E+6 1.577021E-1
 2.730000E+6 1.700527E-1
  2.740000E+6 1.824018E-1
 2.750000E+6 1.947519E-1
 2.760000E+6 2.071017E-1
  2.770000E+6 2.194520E-1
 2.800000E+6 2.565018E-1
 2.900000E+6 3.750018E-1
  3.000000E+6 4.250020E-1
 3.100000E+6 4.730021E-1
 3.200000E+6 4.995018E-1
  3.300000E+6 5.260020E-1
 3.400000E+6 5.445019E-1
 3.500000E+6 5.630018E-1
  3.600000E+6 5.715019E-1
 3.700000E+6 5.800019E-1
 3.800000E+6 5.885019E-1
  3.900000E+6 5.970017E-1
 4.000000E+6 5.992518E-1
 4.100000E+6 6.015017E-1
  4.200000E+6 6.037518E-1
 4.300000E+6 6.060018E-1
 4.400000E+6 6.066017E-1
  4.500000E+6 6.072018E-1
 4.600000E+6 6.078018E-1
 4.700000E+6 6.084018E-1
  4.800000E+6 6.090018E-1
 4.900000E+6 6.086688E-1
 5.000000E+6 6.083348E-1
  5.100000E+6 6.082017E-1
 5.200000E+6 6.080686E-1
 5.300000E+6 6.079346E-1
  5.400000E+6 6.078017E-1
 5.500000E+6 6.074017E-1
 5.900000E+6 6.066016E-1
  6.000000E+6 6.051834E-1
 6.250000E+6 6.016377E-1
 6.450000E+6 5.996018E-1
  6.500000E+6 5.990927E-1
 7.000000E+6 5.940017E-1
 7.100000E+6 5.926517E-1
  7.500000E+6 5.872517E-1
 8.000000E+6 5.805017E-1
 8.400000E+6 5.759017E-1
  9.000000E+6 5.690016E-1
 9.100000E+6 5.676767E-1
 9.500000E+6 5.623768E-1
  1.000000E+7 5.557517E-1
 1.070000E+7 5.464768E-1
 1.100000E+7 5.417517E-1
  1.160847E+7 5.327257E-1
 1.200000E+7 5.300538E-1
 1.213997E+7 5.289857E-1
  1.250000E+7 5.282827E-1
 1.300000E+7 5.275337E-1
 1.310000E+7 5.272867E-1
  1.330000E+7 5.259287E-1
 1.360000E+7 5.210376E-1
 1.400000E+7 5.167856E-1
  1.426596E+7 5.140621E-1
 1.450000E+7 5.116663E-1
 1.465000E+7 5.101109E-1
  1.500000E+7 5.064125E-1
 1.520000E+7 5.042767E-1
 1.565000E+7 4.995564E-1
  1.595000E+7 4.961347E-1
 1.600000E+7 4.954982E-1
 1.630078E+7 4.891478E-1
  1.650000E+7 4.844138E-1
 1.655000E+7 4.832391E-1
 1.670000E+7 4.800221E-1
  1.695000E+7 4.769513E-1
 1.700000E+7 4.767901E-1
 1.710000E+7 4.765765E-1
  1.735000E+7 4.745526E-1
 1.785000E+7 4.641069E-1
 1.800000E+7 4.620342E-1
  1.820000E+7 4.588606E-1
 1.850000E+7 4.531091E-1
 1.890000E+7 4.446665E-1
  1.900000E+7 4.424019E-1
 1.950000E+7 4.309670E-1
 2.000000E+7 4.192017E-1