0.000010 0.000000
100000.000000 0.000000
100000.000000 8.912300
100370.000000 7.784300
100540.000000 7.486700
100720.000000 7.315300
100900.000000 6.820700
101080.000000 6.726900
101260.000000 6.986200
101440.000000 5.948400
101620.000000 5.624500
101800.000000 5.835800
101980.000000 4.779800
102160.000000 5.160800
102340.000000 7.528500
102630.000000 16.770000
102640.000000 17.960000
102660.000000 17.229000
102680.000000 17.462000
102700.000000 17.981000
102740.000000 18.674000
102750.000000 18.275000
102770.000000 18.423000
102790.000000 17.845000
102810.000000 18.372000
102830.000000 18.546000
102850.000000 17.955000
102860.000000 17.955000
102900.000000 17.317000
102920.000000 17.327000
102940.000000 18.166000
102990.000000 16.727000
103010.000000 16.753000
103030.000000 16.735000
103050.000000 16.944000
103070.000000 16.662000
103090.000000 15.910000
103100.000000 15.689000
103120.000000 15.488000
103140.000000 15.601000
103160.000000 15.429000
103180.000000 16.025000
103200.000000 15.526000
103210.000000 15.109000
103230.000000 15.504000
103250.000000 15.063000
103270.000000 15.022000
103290.000000 15.233000
103310.000000 14.546000
103330.000000 14.126000
103340.000000 15.152000
103380.000000 14.019000
103400.000000 13.985000
103420.000000 14.377000
103440.000000 13.200000
103450.000000 14.310000
103490.000000 13.381000
103510.000000 13.275000
103530.000000 13.421000
103550.000000 13.013000
103620.000000 13.374000
103640.000000 13.005000
103760.000000 12.441000
103920.000000 12.004000
104020.000000 12.009000
104120.000000 11.523000
104210.000000 11.453000
104310.000000 11.030000
104400.000000 11.080000
104490.000000 11.397000
104680.000000 10.507000
104780.000000 10.746000
104870.000000 10.594000
104970.000000 10.657000
105060.000000 10.450000
105160.000000 10.350000
105250.000000 11.055000
105350.000000 10.120000
105440.000000 9.803300
105630.000000 9.767000
105730.000000 9.945700
105820.000000 9.403200
105920.000000 9.460300
106210.000000 9.232400
106300.000000 8.755300
106400.000000 8.858600
106500.000000 8.783000
106690.000000 8.226500
106790.000000 8.315400
106890.000000 8.149500
107080.000000 7.075200
107180.000000 6.398100
107280.000000 7.000100
107370.000000 13.502000
107420.000000 14.997000
107430.000000 15.052000
107440.000000 14.797000
107450.000000 13.604000
107460.000000 14.099000
107470.000000 13.158000
107480.000000 13.783000
107490.000000 12.305000
107550.000000 12.185000
107650.000000 12.307000
107700.000000 14.407000
107710.000000 13.563000
107720.000000 12.223000
107780.000000 10.199000
107880.000000 9.340600
107970.000000 8.997700
108070.000000 8.484200
108170.000000 8.505700
108370.000000 7.688900
108470.000000 6.691900
108570.000000 5.939100
108670.000000 7.902100
108770.000000 14.846000
108820.000000 16.355000
108830.000000 16.860000
108850.000000 18.358000
108860.000000 18.145000
108870.000000 18.251000
108880.000000 16.922000
108890.000000 16.246000
108900.000000 16.815000
108910.000000 17.019000
108940.000000 16.691000
108950.000000 16.141000
108960.000000 15.026000
108970.000000 15.836000
108980.000000 15.276000
108990.000000 14.165000
109000.000000 15.085000
109010.000000 15.525000
109020.000000 14.895000
109030.000000 15.698000
109040.000000 15.319000
109060.000000 16.542000
109070.000000 15.173000
109080.000000 15.153000
109090.000000 14.717000
109100.000000 13.894000
109110.000000 13.255000
109120.000000 13.681000
109140.000000 12.764000
109300.000000 11.670000
109400.000000 11.359000
109500.000000 10.910000
109600.000000 11.580000
109650.000000 13.341000
109660.000000 13.360000
109670.000000 12.655000
109730.000000 10.933000
109940.000000 10.097000
110040.000000 10.163000
110240.000000 9.813400
110450.000000 9.263900
110550.000000 9.410700
110650.000000 9.257400
110750.000000 9.505600
110860.000000 9.153100
111160.000000 8.667800
111270.000000 8.690700
111370.000000 8.256900
111470.000000 8.324900
111580.000000 7.929300
111790.000000 7.845700
111890.000000 7.530900
111990.000000 6.935900
112100.000000 6.524700
112200.000000 6.221800
112310.000000 5.387400
112410.000000 4.787600
112520.000000 5.493800
112620.000000 9.243700
112730.000000 14.844000
112780.000000 17.117000
112790.000000 16.078000
112800.000000 16.690000
112810.000000 16.560000
112830.000000 16.773000
112840.000000 16.291000
112850.000000 16.800000
112860.000000 16.003000
112870.000000 16.331000
112880.000000 16.279000
112890.000000 17.199000
112900.000000 15.992000
112910.000000 15.630000
112920.000000 16.266000
112930.000000 15.754000
112940.000000 14.992000
112950.000000 15.486000
112960.000000 14.696000
112970.000000 15.668000
112980.000000 15.681000
112990.000000 14.926000
113000.000000 14.979000
113020.000000 14.302000
113040.000000 14.102000
113050.000000 14.664000
113060.000000 13.917000
113070.000000 14.653000
113080.000000 13.742000
113090.000000 14.058000
113100.000000 14.108000
113110.000000 14.316000
113120.000000 13.715000
113130.000000 14.387000
113140.000000 13.238000
113150.000000 13.759000
113160.000000 13.770000
113170.000000 13.514000
113200.000000 13.872000
113210.000000 13.670000
113220.000000 13.170000
113230.000000 14.197000
113240.000000 12.948000
113400.000000 12.230000
113510.000000 12.935000
113620.000000 11.571000
113720.000000 11.178000
113830.000000 11.279000
114040.000000 10.636000
114150.000000 10.734000
114370.000000 10.549000
114470.000000 10.158000
114580.000000 11.318000
114690.000000 15.522000
114750.000000 13.720000
114760.000000 12.530000
114820.000000 10.866000
114930.000000 10.170000
115040.000000 9.913700
115150.000000 9.929100
115470.000000 9.688100
115580.000000 9.438400
115690.000000 9.310900
115800.000000 9.481300
115910.000000 9.271900
116020.000000 9.183200
116130.000000 9.329200
116240.000000 8.932400
116350.000000 9.062000
116460.000000 8.644700
116570.000000 8.757400
116680.000000 8.777700
116910.000000 8.261800
117020.000000 8.112800
117130.000000 7.675400
117240.000000 7.475800
117460.000000 6.823200
117690.000000 5.618400
117800.000000 4.990500
117910.000000 5.534300
118030.000000 8.673800
118140.000000 14.527000
118210.000000 16.540000
118240.000000 15.909000
118250.000000 16.402000
118260.000000 15.539000
118290.000000 15.903000
118300.000000 15.432000
118330.000000 14.824000
118340.000000 14.262000
118350.000000 14.858000
118360.000000 14.740000
118370.000000 15.210000
118380.000000 14.935000
118390.000000 14.224000
118410.000000 14.103000
118420.000000 14.605000
118430.000000 13.905000
118440.000000 14.001000
118450.000000 13.885000
118460.000000 14.481000
118470.000000 13.788000
118480.000000 13.822000
118510.000000 12.991000
118570.000000 13.289000
118630.000000 13.346000
118640.000000 13.847000
118660.000000 13.980000
118680.000000 15.637000
118690.000000 16.242000
118700.000000 17.375000
118710.000000 17.386000
118720.000000 17.278000
118730.000000 18.121000
118750.000000 16.115000
118760.000000 15.541000
118770.000000 13.683000
118780.000000 13.624000
118790.000000 12.749000
118850.000000 12.282000
118970.000000 11.975000
119080.000000 11.471000
119310.000000 10.837000
119430.000000 11.092000
119540.000000 12.248000
119660.000000 12.410000
119770.000000 10.518000
119890.000000 10.566000
120120.000000 10.137000
120240.000000 10.113000
120350.000000 9.950900
120470.000000 10.380000
120590.000000 12.565000
120700.000000 10.123000
120820.000000 9.835100
120940.000000 9.983700
121050.000000 9.494100
121170.000000 9.416500
121290.000000 9.507400
121410.000000 9.722400
121520.000000 9.417500
121640.000000 9.513000
121760.000000 9.286200
121880.000000 9.431900
122000.000000 10.885000
122110.000000 9.754900
122230.000000 8.912100
122350.000000 8.353500
122470.000000 8.451500
122590.000000 8.171800
122710.000000 11.116000
122830.000000 12.068000
122950.000000 10.954000
123070.000000 10.606000
123190.000000 11.066000
123310.000000 10.127000
123550.000000 9.830400
123800.000000 9.699700
123920.000000 9.484300
124040.000000 9.647900
124400.000000 9.519800
124530.000000 10.753000
124650.000000 9.404600
124770.000000 9.272500
124890.000000 10.759000
125020.000000 9.724200
125140.000000 10.138000
125260.000000 9.379700
125390.000000 9.155300
125510.000000 9.248200
125640.000000 8.872300
125760.000000 8.942400
125880.000000 9.242000
126010.000000 9.075600
126130.000000 9.236100
126260.000000 9.063400
126380.000000 9.064100
126630.000000 8.922100
126760.000000 8.555900
126880.000000 9.606700
127010.000000 9.610100
127140.000000 9.180500
127260.000000 9.067000
127390.000000 8.718700
127520.000000 8.934400
127640.000000 8.813200
127900.000000 8.786300
128020.000000 8.810100
128150.000000 8.652500
128280.000000 8.661800
128410.000000 8.428500
128660.000000 8.525800
128790.000000 8.428000
128920.000000 8.683600
129050.000000 8.644900
129180.000000 9.121600
129310.000000 10.729000
129440.000000 8.835100
129570.000000 9.645900
129700.000000 10.201000
129830.000000 8.633800
130090.000000 8.278400
130220.000000 8.793100
130350.000000 8.258800
130480.000000 8.698600
130610.000000 10.285000
130740.000000 8.264000
131010.000000 8.016000
131270.000000 7.998700
131540.000000 7.747800
131940.000000 6.964900
132070.000000 6.315200
132200.000000 5.450900
132340.000000 8.814500
132470.000000 12.386000
132610.000000 10.284000
132740.000000 9.513300
132880.000000 9.143200
133010.000000 8.628200
133150.000000 8.614000
133280.000000 8.454700
133420.000000 8.407600
133550.000000 7.754600
133830.000000 8.521400
133960.000000 7.653000
134100.000000 7.367000
134240.000000 7.234800
134370.000000 7.339300
134510.000000 6.841000
134650.000000 6.626200
134790.000000 6.578900
134920.000000 6.332800
135060.000000 5.976700
135200.000000 6.539000
135340.000000 6.012900
135480.000000 6.135600
135620.000000 7.387600
135760.000000 9.414800
135890.000000 12.127000
135970.000000 14.282000
135980.000000 15.463000
136000.000000 16.505000
136010.000000 16.184000
136030.000000 16.060000
136050.000000 15.151000
136070.000000 15.544000
136080.000000 14.678000
136100.000000 14.114000
136110.000000 14.198000
136120.000000 14.189000
136140.000000 13.698000
136150.000000 14.547000
136170.000000 14.697000
136180.000000 13.494000
136190.000000 13.813000
136210.000000 14.042000
136220.000000 14.542000
136240.000000 13.878000
136250.000000 13.061000
136260.000000 14.149000
136310.000000 13.222000
136320.000000 13.971000
136350.000000 12.978000
136430.000000 13.088000
136710.000000 12.010000
136850.000000 11.972000
137130.000000 11.181000
137270.000000 10.949000
137410.000000 10.879000
137550.000000 10.546000
137700.000000 10.553000
137840.000000 10.407000
137980.000000 9.980500
138120.000000 10.201000
138270.000000 9.923300
138410.000000 9.976700
138550.000000 9.698100
138840.000000 9.609600
138990.000000 9.631300
139420.000000 9.477800
139570.000000 9.258700
140000.000000 9.110200
140150.000000 9.286300
140300.000000 10.932000
140440.000000 9.690600
140590.000000 8.843000
140740.000000 8.841200
140880.000000 8.905200
141180.000000 10.661000
141330.000000 9.114200
141470.000000 8.882000
141620.000000 8.798900
141770.000000 8.603200
141920.000000 8.631500
142070.000000 8.950000
142220.000000 9.015600
142370.000000 8.693000
142520.000000 8.711300
142670.000000 10.217000
142820.000000 8.581400
142970.000000 8.298100
143120.000000 8.393300
143270.000000 8.589000
143420.000000 8.437400
143570.000000 8.413000
143720.000000 8.208100
143870.000000 9.879200
144030.000000 9.411500
144180.000000 8.251400
144330.000000 7.932200
144640.000000 9.458700
144790.000000 8.579100
144940.000000 8.330500
145100.000000 8.408100
145250.000000 8.087400
145560.000000 8.008700
145710.000000 7.839200
145870.000000 9.175300
146020.000000 8.014200
146180.000000 8.542500
146330.000000 7.814200
146490.000000 8.702700
146650.000000 7.566600
147120.000000 7.459000
147270.000000 7.327500
147430.000000 7.026700
147590.000000 7.134000
147750.000000 7.745900
147910.000000 6.660800
148060.000000 6.880700
148220.000000 6.389100
148380.000000 6.085600
148540.000000 5.658300
148700.000000 5.155200
148860.000000 4.755700
149020.000000 4.059800
149180.000000 3.155600
149340.000000 2.112600
149500.000000 1.671200
149660.000000 3.783500
149830.000000 10.442000
149910.000000 15.915000
149930.000000 15.902000
149950.000000 16.717000
149960.000000 16.462000
149980.000000 17.169000
149990.000000 17.077000
150010.000000 17.889000
150030.000000 16.738000
150040.000000 16.916000
150060.000000 17.530000
150080.000000 17.031000
150090.000000 16.443000
150110.000000 17.992000
150120.000000 15.987000
150140.000000 17.193000
150160.000000 16.113000
150170.000000 15.852000
150200.000000 16.520000
150220.000000 15.714000
150240.000000 15.642000
150250.000000 15.728000
150270.000000 14.829000
150290.000000 15.508000
150300.000000 16.029000
150320.000000 15.106000
150330.000000 14.185000
150350.000000 14.895000
150370.000000 14.309000
150380.000000 14.781000
150400.000000 13.695000
150420.000000 14.125000
150430.000000 13.246000
150450.000000 12.921000
150540.000000 13.135000
150700.000000 12.288000
150860.000000 11.681000
151030.000000 11.209000
151190.000000 11.106000
151520.000000 10.388000
151850.000000 11.245000
152010.000000 14.480000
152180.000000 10.471000
152510.000000 9.731300
152680.000000 9.648800
152840.000000 9.437300
153010.000000 9.496500
153180.000000 9.316600
153340.000000 9.422200
153510.000000 10.238000
153680.000000 10.057000
153840.000000 8.954700
154010.000000 9.310800
154180.000000 9.211900
154350.000000 9.662900
154520.000000 9.559600
154860.000000 8.832600
155030.000000 8.919100
155200.000000 8.697100
155370.000000 8.797600
155540.000000 8.581100
155880.000000 8.772500
156050.000000 10.302000
156220.000000 8.490800
156400.000000 8.499800
156570.000000 8.405700
156740.000000 8.695200
156910.000000 9.532200
157090.000000 8.526600
157260.000000 8.585100
157430.000000 11.904000
157610.000000 9.529000
157780.000000 8.682200
158130.000000 8.271900
158480.000000 8.146500
158660.000000 7.994300
159010.000000 8.287200
159360.000000 7.981600
159540.000000 7.917500
159720.000000 7.957400
159900.000000 7.752100
160250.000000 8.121600
160430.000000 11.370000
160530.000000 12.729000
160630.000000 9.433000
160810.000000 7.973200
160990.000000 7.908200
161170.000000 7.671300
161350.000000 7.540300
161530.000000 8.511300
161710.000000 8.271500
161890.000000 9.892800
162070.000000 7.227600
162260.000000 7.283800
162440.000000 7.018200
162620.000000 7.097500
162800.000000 6.224400
162990.000000 5.511000
163170.000000 4.753800
163350.000000 8.993300
163540.000000 9.049000
163720.000000 7.174800
163910.000000 6.611100
164090.000000 10.964000
164280.000000 9.786700
164460.000000 9.072000
164650.000000 8.497900
164830.000000 8.131700
165020.000000 8.142100
165210.000000 8.067500
165390.000000 7.853700
165580.000000 7.800200
165770.000000 7.540100
165960.000000 7.401300
166150.000000 7.468200
166330.000000 7.193700
166520.000000 7.260000
166710.000000 7.498500
166900.000000 8.988600
167090.000000 8.597300
167280.000000 7.015300
167470.000000 6.603600
167660.000000 5.973600
167860.000000 5.204700
168050.000000 4.329900
168240.000000 4.151900
168430.000000 8.854300
168620.000000 11.635000
168820.000000 10.814000
169010.000000 10.263000
169200.000000 10.174000
169400.000000 8.717200
169590.000000 8.448500
169980.000000 8.141600
170180.000000 7.888500
170370.000000 7.999900
170570.000000 7.574100
170760.000000 7.484500
170960.000000 7.554300
171160.000000 9.010000
171360.000000 7.218200
171550.000000 7.361100
171750.000000 8.734400
171950.000000 7.543300
172150.000000 6.745400
172350.000000 6.654900
172550.000000 6.285700
172750.000000 6.403100
172950.000000 6.678300
173150.000000 6.124300
173550.000000 5.316900
173750.000000 5.525300
173950.000000 4.983400
174150.000000 3.890300
174360.000000 5.327400
174560.000000 10.562000
174760.000000 9.460100
174970.000000 8.028200
175170.000000 7.117400
175380.000000 8.088700
175580.000000 10.556000
175790.000000 6.302200
175990.000000 6.930000
176200.000000 5.102600
176400.000000 4.546800
176610.000000 4.231100
176820.000000 4.948000
177020.000000 3.975400
177230.000000 3.444300
177440.000000 3.732500
177650.000000 4.842100
177860.000000 6.400500
178060.000000 8.229900
178270.000000 9.197200
178480.000000 10.052000
178690.000000 10.577000
178900.000000 10.715000
179120.000000 10.648000
179540.000000 10.270000
179750.000000 10.402000
179960.000000 9.989100
180180.000000 10.359000
180390.000000 10.009000
180600.000000 9.228600
181030.000000 8.896600
181240.000000 9.067200
181460.000000 9.474600
181680.000000 8.464700
181890.000000 8.735600
182110.000000 9.164300
182320.000000 7.920000
182540.000000 7.550700
182760.000000 7.511900
182980.000000 8.828800
183190.000000 7.157600
183410.000000 6.925700
183630.000000 6.544500
183850.000000 6.619300
184070.000000 9.700900
184290.000000 7.299900
184510.000000 6.018500
184730.000000 5.957400
184950.000000 5.994300
185400.000000 6.872700
185620.000000 7.711000
185840.000000 8.702500
186070.000000 10.222000
186290.000000 10.575000
186510.000000 11.408000
186740.000000 13.139000
186960.000000 12.031000
187190.000000 11.589000
187640.000000 11.340000
187870.000000 11.015000
188090.000000 11.996000
188320.000000 11.042000
188550.000000 10.529000
188780.000000 10.905000
189000.000000 11.649000
189230.000000 9.690700
189460.000000 10.105000
189690.000000 11.935000
189920.000000 11.779000
190150.000000 10.443000
190620.000000 9.873800
190850.000000 9.851200
191550.000000 9.377400
192020.000000 9.138100
192250.000000 8.872300
192480.000000 8.713300
192960.000000 8.087600
193190.000000 8.311900
193430.000000 7.397900
193670.000000 5.720600
193900.000000 7.790600
194140.000000 12.230000
194380.000000 12.489000
194620.000000 9.785100
194860.000000 10.903000
195100.000000 10.448000
195340.000000 10.350000
195580.000000 9.835200
195820.000000 9.551800
196060.000000 9.626100
196300.000000 11.233000
196430.000000 14.811000
196460.000000 16.082000
196480.000000 15.864000
196510.000000 14.408000
196560.000000 12.528000
196690.000000 10.341000
196930.000000 9.483900
197180.000000 9.171100
197910.000000 8.826700
198160.000000 8.779500
198400.000000 8.812900
198650.000000 8.732400
198900.000000 10.451000
199140.000000 9.200600
199390.000000 9.354600
199640.000000 8.590300
200390.000000 8.496900
200640.000000 10.087000
200890.000000 9.372600
201140.000000 8.358900
201390.000000 8.915300
201640.000000 8.019500
201890.000000 7.487500
202150.000000 7.942200
202400.000000 9.234400
202650.000000 8.540500
202910.000000 8.412700
203160.000000 8.201700
203420.000000 7.832700
203670.000000 7.729100
203930.000000 7.080400
204180.000000 8.829300
204440.000000 8.387900
204960.000000 6.987400
205220.000000 7.107600
205480.000000 9.948100
205740.000000 8.921100
206260.000000 8.259700
206780.000000 7.961300
207040.000000 7.938900
207300.000000 7.731400
207830.000000 7.660400
208090.000000 8.058900
208360.000000 7.532400
208890.000000 7.285700
209150.000000 7.654200
209420.000000 8.576400
209690.000000 7.298200
209960.000000 6.509200
210220.000000 6.201400
210490.000000 8.663200
210760.000000 7.483400
211030.000000 6.918800
211300.000000 6.731700
211570.000000 6.347600
211840.000000 6.120200
212120.000000 6.487500
212390.000000 5.173300
212660.000000 4.619600
212930.000000 4.861900
213210.000000 6.978200
213480.000000 8.393000
213760.000000 9.324500
214030.000000 9.188900
214310.000000 8.941900
214590.000000 8.556300
214860.000000 8.290200
215140.000000 7.863000
215420.000000 7.728700
215700.000000 7.433600
215980.000000 7.517500
216250.000000 6.748000
216540.000000 6.249200
216820.000000 5.941200
217100.000000 5.238300
217380.000000 5.207200
217660.000000 5.944700
217950.000000 4.791800
218230.000000 4.578600
218510.000000 7.396300
218800.000000 7.959700
219080.000000 9.304700
219370.000000 9.737000
219650.000000 9.735000
219940.000000 9.565300
220230.000000 9.778100
220520.000000 9.843800
220810.000000 8.117000
221100.000000 10.828000
221390.000000 10.469000
221680.000000 10.526000
221970.000000 9.507300
222260.000000 9.111600
222550.000000 9.165500
222840.000000 8.700100
223140.000000 8.417200
223430.000000 8.257100
223730.000000 8.389800
224020.000000 9.438700
224320.000000 7.632300
224610.000000 6.496200
224910.000000 5.801800
225210.000000 7.772000
225510.000000 10.183000
226400.000000 8.975900
226700.000000 8.700000
227310.000000 8.577200
227610.000000 9.878000
227910.000000 8.300500
228210.000000 9.102600
228520.000000 8.475600
228820.000000 7.765600
229130.000000 7.745100
229430.000000 7.619500
229740.000000 7.624800
230040.000000 7.485500
230350.000000 8.123400
230660.000000 8.377900
230970.000000 7.263500
231280.000000 6.767200
231590.000000 6.699500
231900.000000 6.723500
232210.000000 5.821900
232520.000000 5.385100
232830.000000 5.041600
233150.000000 5.806900
233460.000000 5.372700
233770.000000 6.511300
234090.000000 8.057900
234400.000000 9.242600
234720.000000 9.120000
235040.000000 8.771600
235670.000000 8.667300
235990.000000 8.056900
236630.000000 7.515900
236950.000000 7.162300
237270.000000 7.672700
237600.000000 8.323200
237920.000000 6.048600
238240.000000 5.915700
238570.000000 8.200700
238890.000000 9.887000
239220.000000 9.710400
239540.000000 7.766500
239870.000000 6.245100
240200.000000 5.742200
240530.000000 9.113200
240850.000000 9.470700
241180.000000 9.372100
241510.000000 8.961300
242180.000000 8.498500
242510.000000 9.697700
242840.000000 10.477000
243180.000000 8.001100
243840.000000 7.632000
244180.000000 7.692100
245190.000000 6.705200
245530.000000 6.506800
245870.000000 5.465300
246210.000000 4.516400
246550.000000 4.431500
246890.000000 5.689300
247230.000000 7.650300
247570.000000 10.348000
247920.000000 10.020000
248260.000000 9.495400
248610.000000 10.524000
248950.000000 9.636100
249300.000000 9.052400
249650.000000 8.340600
250000.000000 8.283800
250340.000000 8.002500
250690.000000 7.927700
251390.000000 7.520700
251740.000000 8.700900
252100.000000 7.394300
252450.000000 6.926500
252800.000000 6.535200
253160.000000 5.824800
253510.000000 6.399500
253870.000000 11.245000
254220.000000 9.310400
254580.000000 8.904400
254940.000000 9.677200
255300.000000 7.932600
255660.000000 7.651000
256020.000000 7.598500
256380.000000 8.045800
256740.000000 7.860200
257100.000000 7.320700
257470.000000 7.106300
257830.000000 7.137700
258200.000000 7.790500
258560.000000 7.760300
258930.000000 7.072300
259300.000000 7.108100
259660.000000 6.218400
260030.000000 5.859000
260400.000000 5.633200
260770.000000 4.839500
261140.000000 3.342300
261510.000000 5.886800
261890.000000 5.565300
262260.000000 5.765900
262640.000000 5.386400
263010.000000 4.776400
263390.000000 5.016800
263760.000000 6.224300
264140.000000 6.568500
264520.000000 7.309100
265280.000000 9.451400
265660.000000 9.143000
266040.000000 9.507500
266420.000000 8.493000
266810.000000 9.212800
267190.000000 9.142700
267580.000000 9.810900
267960.000000 9.546500
268350.000000 8.864900
268740.000000 8.555500
269130.000000 8.326700
269900.000000 8.244800
270300.000000 8.399400
270690.000000 8.380800
271080.000000 7.723000
271470.000000 7.581500
271870.000000 7.936300
272260.000000 7.842400
272660.000000 7.611700
273050.000000 7.996400
273450.000000 7.723400
273850.000000 10.227000
274250.000000 7.329900
274650.000000 7.446600
275050.000000 7.958200
275450.000000 7.149200
275860.000000 6.820600
276260.000000 7.526600
276670.000000 6.991000
277070.000000 7.766600
277480.000000 6.184500
277890.000000 5.951100
278290.000000 5.012000
278700.000000 4.578300
279110.000000 4.037100
279530.000000 5.580600
279940.000000 4.920700
280350.000000 5.475900
280760.000000 6.705700
281180.000000 7.489300
281590.000000 8.066200
282010.000000 8.276600
282850.000000 8.465700
283690.000000 7.990900
284110.000000 7.601800
284530.000000 7.769500
284950.000000 7.051900
285380.000000 7.195100
285800.000000 8.391300
286230.000000 8.106400
286650.000000 7.693600
287080.000000 8.573400
287510.000000 7.568900
287940.000000 7.127500
288370.000000 6.852800
288800.000000 6.427300
289240.000000 5.651700
289670.000000 4.760600
290100.000000 4.191000
290540.000000 6.510800
290980.000000 9.055900
291410.000000 7.997400
291850.000000 7.551600
292290.000000 7.847100
292730.000000 6.657000
293170.000000 6.165300
293620.000000 6.133800
294060.000000 6.378300
294500.000000 6.958500
294950.000000 7.631900
295400.000000 7.026300
296290.000000 6.842600
296740.000000 5.700600
298100.000000 4.400000
298550.000000 4.530500
299010.000000 3.837100
299460.000000 4.036600
299920.000000 4.318100
300380.000000 5.989900
300840.000000 5.488100
301760.000000 8.031000
302220.000000 10.156000
302680.000000 8.060400
303150.000000 8.034100
303610.000000 8.890600
304080.000000 7.398100
304550.000000 7.076600
305010.000000 6.644500
305480.000000 6.381400
305950.000000 5.704100
306430.000000 5.118400
306900.000000 4.869600
307370.000000 6.698100
307850.000000 7.125300
308320.000000 8.531500
308800.000000 9.281900
309280.000000 9.747300
309760.000000 7.909700
310240.000000 7.727600
310720.000000 8.475000
311210.000000 6.973300
311690.000000 5.804800
312170.000000 4.133900
312660.000000 4.104200
313150.000000 5.926700
313640.000000 5.487000
314130.000000 5.523300
314620.000000 6.496900
315110.000000 8.083600
315600.000000 9.130000
316100.000000 9.418800
316590.000000 9.289000
317090.000000 6.814600
317590.000000 6.832100
318090.000000 7.185300
318590.000000 5.666000
319090.000000 4.995500
319590.000000 5.739800
320100.000000 6.738600
320600.000000 7.207800
321110.000000 7.512600
321610.000000 7.687800
322120.000000 8.117600
322630.000000 7.844300
323140.000000 7.388000
323650.000000 7.311700
324170.000000 6.605000
324680.000000 6.175100
325200.000000 5.290600
325710.000000 6.574600
326230.000000 8.004400
326750.000000 8.421200
327270.000000 9.189600
327790.000000 9.286800
328320.000000 8.834300
328840.000000 9.655300
329370.000000 8.716700
329890.000000 8.465700
330420.000000 8.547700
330950.000000 8.219100
331480.000000 8.024600
332550.000000 7.890400
333080.000000 7.701500
333620.000000 7.740300
334160.000000 7.621700
334690.000000 8.995900
335230.000000 8.345600
335780.000000 6.985900
336320.000000 8.275100
336860.000000 8.162700
337410.000000 9.341500
337950.000000 7.995800
338500.000000 8.801300
339050.000000 9.458600
339600.000000 8.047000
340150.000000 7.263500
340710.000000 6.595100
341260.000000 6.168900
341810.000000 7.260800
342180.000000 7.193000
342460.000000 8.218200
342740.000000 7.317700
343010.000000 6.834600
343290.000000 7.227900
343580.000000 6.661300
343860.000000 6.389900
344140.000000 6.240300
344420.000000 5.929500
344700.000000 5.963000
344980.000000 6.416500
345260.000000 5.182500
345550.000000 4.711400
345830.000000 4.623500
346110.000000 3.968800
346400.000000 3.938300
346680.000000 4.450900
346970.000000 5.205100
347250.000000 6.151500
347530.000000 6.885000
347820.000000 7.854000
348110.000000 9.220300
348390.000000 11.878000
348680.000000 10.322000
348970.000000 8.950400
349250.000000 8.296100
349540.000000 8.252900
349830.000000 8.354900
350120.000000 8.298400
350410.000000 8.784000
350690.000000 9.683000
350980.000000 9.511000
351270.000000 8.240700
351560.000000 7.387600
351850.000000 6.120900
352150.000000 5.893700
352440.000000 7.772200
353020.000000 8.509400
353310.000000 7.860300
353610.000000 7.505700
353900.000000 7.355800
354190.000000 7.399400
354490.000000 8.303500
354780.000000 7.768800
355070.000000 7.089200
355370.000000 6.842400
355660.000000 6.300400
355960.000000 6.965700
356260.000000 7.762300
356550.000000 5.481100
357150.000000 7.677200
357440.000000 7.696600
358040.000000 7.624600
358340.000000 7.656500
358640.000000 7.839200
358940.000000 7.789000
359840.000000 7.291700
360140.000000 7.232400
360440.000000 7.570200
360740.000000 8.187600
361040.000000 7.214600
362250.000000 6.936000
362860.000000 6.097400
363160.000000 5.988800
363470.000000 7.373800
363770.000000 9.349200
364080.000000 7.676200
364390.000000 6.822400
364690.000000 7.576300
365310.000000 7.924100
365610.000000 7.853600
365920.000000 7.968700
366230.000000 8.592700
366540.000000 10.677000
366850.000000 11.022000
367160.000000 9.171600
367470.000000 8.240000
367780.000000 7.825800
368400.000000 7.399100
368710.000000 7.468000
369020.000000 7.744700
369330.000000 8.667900
369650.000000 8.233700
369960.000000 7.496500
370270.000000 7.435300
370590.000000 7.133600
370900.000000 7.497700
371220.000000 9.151700
371530.000000 9.174600
371850.000000 7.871900
372160.000000 8.129400
372480.000000 8.661200
372800.000000 8.000500
373110.000000 6.178900
373430.000000 5.816900
373750.000000 5.660700
374070.000000 6.242800
374390.000000 7.212200
374710.000000 7.520600
375020.000000 9.150900
375340.000000 9.537700
375670.000000 7.724900
375990.000000 7.474300
376310.000000 7.057900
376630.000000 7.031900
377270.000000 7.180400
377920.000000 8.301500
378240.000000 7.264100
378570.000000 6.909900
378890.000000 8.451900
379220.000000 9.544000
379540.000000 6.603300
379870.000000 5.940500
380190.000000 5.409400
380520.000000 4.700000
380850.000000 4.453400
381180.000000 6.082400
381500.000000 6.118900
381830.000000 6.111400
382160.000000 5.567100
382490.000000 4.901300
382820.000000 4.493000
383150.000000 6.245700
383480.000000 7.449700
383810.000000 7.930100
384140.000000 7.871900
384470.000000 7.332600
384810.000000 7.608900
385140.000000 7.440400
385470.000000 7.413100
385800.000000 7.239400
386140.000000 7.725800
386470.000000 8.951900
386810.000000 7.013600
387140.000000 6.681200
387480.000000 6.661400
387810.000000 6.825300
388830.000000 5.538100
389160.000000 5.022400
389500.000000 4.625900
389840.000000 4.550900
390180.000000 3.800000
390520.000000 4.184000
390860.000000 5.545600
391200.000000 5.033700
391880.000000 6.182400
392220.000000 7.211700
392570.000000 8.026200
392910.000000 7.089300
393250.000000 6.557800
393600.000000 5.013200
393940.000000 6.391100
394280.000000 7.351600
394630.000000 7.768100
394970.000000 8.997800
395320.000000 7.552400
395670.000000 7.297200
396360.000000 7.932200
396710.000000 6.554500
397060.000000 6.755900
397410.000000 6.459900
397760.000000 6.941300
398110.000000 6.236800
398460.000000 6.207200
398810.000000 6.399900
399160.000000 5.159900
399510.000000 5.626900
399860.000000 6.634700
400210.000000 7.122700
400560.000000 6.914400
400920.000000 7.089500
401270.000000 7.130400
401620.000000 6.990300
401980.000000 7.220600
402330.000000 7.732700
402690.000000 7.605300
403050.000000 9.610000
403400.000000 8.383900
403760.000000 7.281400
404120.000000 7.457300
404470.000000 7.726500
404830.000000 7.554400
405190.000000 7.613700
405550.000000 7.594500
405910.000000 7.152500
406270.000000 7.014000
406630.000000 7.677700
406990.000000 8.826400
407360.000000 7.313300
407720.000000 6.947800
408080.000000 6.290500
408440.000000 5.251400
408810.000000 5.710500
409170.000000 8.107200
409540.000000 7.622700
409900.000000 7.899600
410270.000000 7.678300
410630.000000 7.545200
411000.000000 7.202800
411740.000000 7.781400
412100.000000 9.061900
412470.000000 8.093100
412840.000000 9.012600
413210.000000 7.883700
413580.000000 8.162200
413950.000000 7.612200
414320.000000 7.866500
414690.000000 7.453600
415070.000000 7.662400
415440.000000 7.753100
415810.000000 9.140700
416190.000000 8.126800
416560.000000 7.221500
417310.000000 6.829500
417690.000000 6.731500
418060.000000 7.026700
418440.000000 7.145200
418810.000000 7.990300
419190.000000 7.947100
419570.000000 9.340300
419950.000000 7.659700
420330.000000 6.449000
420710.000000 6.285100
421090.000000 7.014600
421470.000000 7.955200
421850.000000 6.785700
422230.000000 6.478600
422610.000000 6.920900
423000.000000 6.186200
423380.000000 6.015100
423760.000000 6.511700
424150.000000 4.834300
424530.000000 5.954000
424920.000000 6.308400
425310.000000 5.613500
425690.000000 6.000500
426080.000000 6.136700
426470.000000 6.423400
426850.000000 5.554700
427240.000000 5.761800
427630.000000 8.667700
428020.000000 9.718500
428410.000000 7.317200
428800.000000 7.267900
429190.000000 8.293000
429590.000000 7.449500
429980.000000 8.211200
430370.000000 7.556500
430760.000000 7.449700
431160.000000 7.136300
431550.000000 7.177600
431950.000000 7.549300
432340.000000 6.761100
432740.000000 6.664700
433930.000000 7.739000
434330.000000 9.222900
434730.000000 7.904300
435130.000000 8.098500
435530.000000 6.962200
435930.000000 6.907700
436330.000000 6.642100
436730.000000 6.890000
437130.000000 8.764800
437540.000000 7.652100
437940.000000 7.334300
438340.000000 7.994000
438750.000000 6.976400
439150.000000 6.600400
439560.000000 6.473500
439960.000000 6.759900
440370.000000 6.799600
440780.000000 6.674000
441190.000000 6.072300
441590.000000 5.849500
442410.000000 8.038800
442820.000000 6.714400
443230.000000 5.873500
443640.000000 5.684600
444060.000000 7.190000
444470.000000 8.212200
444880.000000 8.455300
445290.000000 7.787900
445710.000000 6.226000
446120.000000 5.037200
446540.000000 6.392300
446950.000000 9.253900
447370.000000 7.850000
447790.000000 7.082300
448210.000000 7.025300
448620.000000 7.906800
449040.000000 7.200000
449460.000000 6.630600
450300.000000 6.818300
450720.000000 6.657500
451140.000000 6.756200
451570.000000 6.325700
452410.000000 6.745700
452840.000000 6.278200
453260.000000 6.540400
453690.000000 6.994100
454110.000000 7.237900
454540.000000 7.116200
454970.000000 6.711000
455390.000000 7.273700
455820.000000 8.136700
456250.000000 6.728100
456680.000000 6.255300
457110.000000 6.375600
457540.000000 6.819400
457970.000000 6.431200
458400.000000 5.439200
458840.000000 4.880300
459270.000000 6.563900
459700.000000 7.093900
460140.000000 6.558700
460570.000000 6.340500
461010.000000 6.306900
461440.000000 6.779100
461880.000000 6.195400
462320.000000 7.247700
462760.000000 5.045400
463190.000000 4.963300
463630.000000 6.872400
464070.000000 6.742300
464510.000000 6.102900
464960.000000 6.878500
465400.000000 5.992300
465840.000000 5.794500
466280.000000 6.708400
466730.000000 5.011200
467170.000000 4.463200
467620.000000 5.702300
468060.000000 6.030800
468510.000000 6.158500
468960.000000 6.635700
469400.000000 6.736900
469850.000000 6.490500
470300.000000 6.386500
471200.000000 7.316700
472100.000000 6.792800
472550.000000 6.316400
473010.000000 6.189900
473460.000000 6.253500
473910.000000 5.438800
474370.000000 6.973700
474820.000000 6.868800
475280.000000 6.430800
475730.000000 6.232400
476190.000000 6.201000
476650.000000 6.530300
477110.000000 6.550900
477570.000000 7.796400
478030.000000 7.774900
478490.000000 7.038100
478950.000000 7.991800
479410.000000 7.574400
479870.000000 7.335000
480340.000000 6.517200
481730.000000 5.777400
482200.000000 5.813700
482660.000000 5.795500
483130.000000 6.646800
483600.000000 5.309500
484070.000000 4.565800
484540.000000 4.572300
485010.000000 3.931500
485480.000000 3.549200
485950.000000 4.936500
486420.000000 6.641900
487370.000000 6.210700
487840.000000 6.951000
488790.000000 6.054400
489270.000000 4.825500
489750.000000 5.564600
490220.000000 6.073100
490700.000000 6.314100
491180.000000 6.287300
491660.000000 6.684100
492140.000000 7.201600
492620.000000 6.380400
493100.000000 6.244900
493590.000000 7.802300
494070.000000 7.505200
494550.000000 6.433300
495040.000000 6.678500
495520.000000 6.190500
496010.000000 7.038700
496500.000000 7.199500
496980.000000 7.851800
497470.000000 8.432000
497960.000000 6.805400
498450.000000 6.212400
498940.000000 6.041200
499430.000000 6.152300
499920.000000 7.831100
500420.000000 6.330600
500910.000000 6.350000
501410.000000 7.856600
501900.000000 7.495400
502400.000000 6.919400
502890.000000 6.214700
504390.000000 6.125400
504890.000000 6.566400
505390.000000 8.228600
505890.000000 8.612500
506390.000000 7.485900
506890.000000 5.505600
507390.000000 5.796600
507900.000000 6.210300
508400.000000 6.313700
508910.000000 6.303100
509410.000000 6.348800
509920.000000 6.052100
510420.000000 5.669400
510930.000000 5.349300
511440.000000 5.303500
511950.000000 5.816600
512460.000000 6.162500
512970.000000 7.570300
513480.000000 8.063500
514000.000000 6.095200
514510.000000 7.164300
515020.000000 8.004500
515540.000000 6.645000
516060.000000 5.784000
516570.000000 6.342300
517090.000000 6.060500
517610.000000 5.906200
518130.000000 5.945800
518650.000000 5.803100
519170.000000 6.165000
519690.000000 6.284100
520210.000000 4.975300
520730.000000 4.300000
521260.000000 4.823500
521780.000000 4.224900
522310.000000 3.800700
522830.000000 3.917800
523360.000000 3.729100
523890.000000 4.870900
524420.000000 5.495300
524940.000000 7.178500
525470.000000 6.736400
526010.000000 5.238100
526540.000000 4.834100
527070.000000 6.529200
528140.000000 5.779900
528670.000000 5.728300
529210.000000 6.056600
529740.000000 6.183800
530280.000000 6.025500
530820.000000 5.992500
531360.000000 6.114100
531900.000000 6.571400
532980.000000 6.508000
533520.000000 6.039300
534070.000000 6.663000
534610.000000 5.896700
535160.000000 6.871500
535700.000000 6.454400
536250.000000 7.438500
536800.000000 7.955000
537340.000000 6.501200
537890.000000 6.553500
538440.000000 6.482600
538990.000000 5.908500
539540.000000 5.802400
540100.000000 5.928700
540650.000000 6.480800
541200.000000 6.054600
542870.000000 6.590300
543430.000000 6.103900
543990.000000 6.257200
544540.000000 5.940200
545100.000000 6.311100
545670.000000 6.369600
546230.000000 6.968200
546790.000000 7.685600
547350.000000 6.746800
547920.000000 6.110100
548480.000000 5.846200
549050.000000 5.501500
549620.000000 4.719500
550180.000000 4.606600
550750.000000 4.287100
551320.000000 4.874100
551890.000000 5.783800
552460.000000 5.801400
553040.000000 5.569400
554180.000000 5.879800
554760.000000 6.436100
555330.000000 5.696500
555910.000000 5.931900
556490.000000 5.615200
557070.000000 5.493400
557650.000000 5.044200
558230.000000 5.430800
558810.000000 5.398600
559390.000000 6.003000
559970.000000 5.481100
560560.000000 5.473000
561140.000000 6.262300
561730.000000 6.293900
562320.000000 6.732400
562900.000000 6.795500
563490.000000 6.951700
564080.000000 7.562400
564670.000000 6.135600
565260.000000 6.615400
565860.000000 8.060900
566450.000000 6.277600
567040.000000 5.988600
567640.000000 5.844800
568230.000000 6.824700
568830.000000 6.428000
569430.000000 6.254900
570030.000000 5.821900
570630.000000 5.591500
571230.000000 5.935600
571830.000000 4.816900
572430.000000 5.331500
573040.000000 6.230900
573640.000000 5.888600
574250.000000 6.307300
574850.000000 6.236300
575460.000000 5.589800
576070.000000 5.749500
576680.000000 6.805700
577290.000000 6.424000
577900.000000 6.720800
578510.000000 6.932300
579130.000000 5.661500
579740.000000 5.860900
580360.000000 5.887900
580970.000000 5.504900
581590.000000 5.482200
582210.000000 5.794400
582830.000000 5.680800
583450.000000 6.116400
584070.000000 7.935400
585310.000000 6.241800
585940.000000 6.610100
586560.000000 6.906000
587190.000000 7.032300
587810.000000 6.331200
588440.000000 5.957800
589070.000000 5.825800
590330.000000 6.143300
590970.000000 6.534300
591600.000000 6.469200
592230.000000 5.833600
592870.000000 5.673600
593500.000000 6.815000
594140.000000 6.165400
594780.000000 5.613100
595420.000000 5.846700
596060.000000 5.880000
596700.000000 6.242900
597340.000000 6.392900
597990.000000 7.097500
598630.000000 6.489900
599280.000000 6.289600
599920.000000 6.413800
600570.000000 5.732500
601220.000000 6.241300
601870.000000 6.229500
602520.000000 6.987900
603170.000000 6.735300
603830.000000 5.771900
604480.000000 5.722800
605130.000000 5.856900
605790.000000 5.839900
606450.000000 6.538000
607770.000000 5.593800
609090.000000 5.851700
609750.000000 6.851000
610410.000000 5.755000
611080.000000 5.401200
612410.000000 5.201600
613080.000000 6.297200
613750.000000 5.735500
614420.000000 6.674000
615090.000000 7.166700
616440.000000 5.069900
617110.000000 5.149800
617790.000000 5.358400
618460.000000 5.450800
619140.000000 5.426800
619820.000000 5.547600
620500.000000 5.545300
621180.000000 5.917600
621860.000000 6.371600
622550.000000 5.752900
623230.000000 6.107500
623920.000000 5.509900
624600.000000 5.437900
625290.000000 6.826100
625980.000000 7.549800
626670.000000 6.292500
627360.000000 5.648200
629450.000000 5.272700
630140.000000 6.441900
630840.000000 5.616400
631540.000000 5.039600
632240.000000 5.616700
632940.000000 5.740400
633640.000000 5.650000
634340.000000 6.383700
635050.000000 5.550000
635750.000000 6.049300
636460.000000 6.180600
637170.000000 6.028900
637870.000000 6.670700
638580.000000 6.512200
639290.000000 6.119300
640010.000000 5.923500
640720.000000 5.396300
641440.000000 5.058100
642150.000000 5.558200
642870.000000 6.522200
643590.000000 6.885200
644310.000000 5.880000
645030.000000 5.085300
645750.000000 5.736400
646470.000000 6.122900
647200.000000 5.286600
647920.000000 5.480900
648650.000000 6.076500
649380.000000 6.012800
650110.000000 5.582500
650840.000000 5.465800
651570.000000 6.189400
652300.000000 5.771700
653040.000000 5.722600
653770.000000 5.586000
654510.000000 5.735500
655250.000000 7.294600
655990.000000 5.637100
656730.000000 4.820800
657470.000000 5.913600
658210.000000 6.916300
658960.000000 6.590400
659700.000000 6.053400
660450.000000 6.062900
661200.000000 6.254300
662700.000000 6.805200
663450.000000 5.754500
664200.000000 6.504900
664960.000000 5.858100
665710.000000 5.688900
666470.000000 5.312600
667230.000000 5.593300
667990.000000 6.509800
668750.000000 5.364600
669510.000000 5.663500
670280.000000 6.267500
671040.000000 5.821500
671810.000000 6.186700
672580.000000 6.334700
673340.000000 5.653300
674110.000000 5.113200
674890.000000 5.393600
675660.000000 5.271800
676430.000000 5.687100
677210.000000 5.965300
678760.000000 4.862000
679540.000000 4.550500
680320.000000 3.998400
681890.000000 5.783400
682670.000000 5.243100
683460.000000 5.286500
684250.000000 6.662600
685040.000000 5.449400
685830.000000 5.017100
686620.000000 5.608900
687410.000000 5.424300
688210.000000 5.623600
689000.000000 5.103000
689800.000000 5.213600
690600.000000 5.421200
691400.000000 5.332800
692200.000000 6.552900
693000.000000 5.160900
693810.000000 4.476600
694610.000000 6.116800
695420.000000 5.406800
696230.000000 5.422400
697040.000000 5.971500
697850.000000 5.621800
698660.000000 5.078700
699480.000000 5.706900
700290.000000 5.815400
701110.000000 5.438800
701930.000000 6.367000
702750.000000 6.271300
703570.000000 5.434900
705220.000000 5.142200
706040.000000 5.495000
706870.000000 5.979200
707700.000000 6.531600
708530.000000 5.974900
709360.000000 5.650900
710190.000000 5.232700
711020.000000 5.485800
712700.000000 5.133100
713540.000000 5.947300
714380.000000 6.107200
715220.000000 5.710500
716060.000000 5.688200
716910.000000 5.906800
717750.000000 6.305100
718600.000000 5.606400
719450.000000 5.224500
720300.000000 5.390500
721150.000000 5.326600
722010.000000 4.653700
722860.000000 5.550100
723720.000000 5.477000
724580.000000 5.534200
725440.000000 5.058300
726300.000000 4.899800
727160.000000 4.913400
728020.000000 4.891200
728890.000000 5.895500
729760.000000 5.606400
730630.000000 6.615500
731500.000000 5.834100
733240.000000 5.214900
734120.000000 5.417600
734990.000000 5.357400
735870.000000 5.829500
736750.000000 5.721500
737630.000000 5.523800
738520.000000 6.332500
739400.000000 6.170800
740290.000000 5.646000
741180.000000 5.643800
742070.000000 5.560200
742960.000000 5.288300
743850.000000 5.840100
744750.000000 5.235100
745640.000000 5.063800
746540.000000 5.154800
747440.000000 4.704600
748340.000000 4.458000
749240.000000 5.727800
750150.000000 6.110400
751050.000000 5.716100
751960.000000 5.534200
752870.000000 5.418200
753780.000000 4.792500
754690.000000 5.039100
755600.000000 5.338300
756520.000000 4.989200
757440.000000 6.098500
758360.000000 5.701300
759280.000000 6.735800
760200.000000 6.372900
761120.000000 5.041800
762050.000000 5.608400
762980.000000 5.040000
763910.000000 5.175100
764840.000000 5.159000
765770.000000 5.417200
766700.000000 5.527600
767640.000000 4.955100
768580.000000 5.201600
769520.000000 5.971000
770460.000000 5.523400
771400.000000 4.761500
772340.000000 4.969600
774240.000000 4.809700
775190.000000 4.767700
776140.000000 5.339900
777090.000000 5.019500
778050.000000 5.813600
779010.000000 5.417700
779960.000000 6.111600
780920.000000 5.490400
781890.000000 5.196700
782850.000000 4.734000
783820.000000 5.684600
784780.000000 4.980000
785750.000000 4.871900
786720.000000 5.725100
787700.000000 5.442100
788670.000000 5.101300
789650.000000 4.945400
790630.000000 4.589600
791610.000000 5.916200
792590.000000 5.618500
793570.000000 5.102600
794560.000000 4.651600
795540.000000 4.958300
796530.000000 5.459300
797520.000000 4.603200
798520.000000 4.383300
799510.000000 5.447500
800510.000000 5.562400
801510.000000 5.190000
802510.000000 4.713100
803510.000000 4.758200
804510.000000 4.649000
805520.000000 4.723800
807540.000000 5.876500
808550.000000 5.144600
809560.000000 4.981800
810580.000000 5.105300
811600.000000 5.108900
812620.000000 5.655300
813640.000000 5.293800
815690.000000 4.763000
816710.000000 4.754600
817740.000000 5.237200
818770.000000 4.990300
819810.000000 5.034100
820840.000000 4.681000
821880.000000 4.565700
822920.000000 4.687900
823960.000000 4.564900
825000.000000 5.861500
826050.000000 5.838400
827090.000000 6.011800
828140.000000 4.890100
829190.000000 5.420500
830240.000000 5.390700
831300.000000 5.420400
832360.000000 5.372500
833410.000000 4.371400
834480.000000 4.582000
835540.000000 5.097500
837670.000000 4.969800
838740.000000 5.348000
839810.000000 5.237000
840880.000000 4.932200
841960.000000 4.711200
843030.000000 4.762000
844110.000000 4.389400
845200.000000 4.313000
846280.000000 5.053200
847360.000000 5.129700
848450.000000 4.856300
849540.000000 4.715800
851730.000000 5.956200
852830.000000 5.046400
853930.000000 5.353100
855030.000000 4.987300
856130.000000 5.061400
857230.000000 5.277500
858340.000000 5.121900
859440.000000 5.579500
860550.000000 5.118500
861670.000000 5.805600
863900.000000 5.708000
867270.000000 4.858800
868390.000000 5.068900
869520.000000 4.364300
870650.000000 4.635500
871780.000000 5.002500
872920.000000 4.799800
874060.000000 5.306700
875190.000000 4.912000
876340.000000 5.729300
877480.000000 5.647800
878630.000000 4.893200
879780.000000 5.052700
880930.000000 4.732000
882080.000000 5.138800
883230.000000 4.643900
884390.000000 5.248100
885550.000000 5.376000
886710.000000 4.953300
887880.000000 4.949800
889040.000000 4.527800
890210.000000 4.980400
891380.000000 4.994900
892560.000000 5.208600
893730.000000 5.129800
894910.000000 4.763000
896090.000000 4.837600
897270.000000 5.200400
898460.000000 5.017500
899650.000000 5.450800
900840.000000 5.168200
902030.000000 4.314900
903220.000000 5.048400
904420.000000 4.930200
905620.000000 5.530100
906820.000000 5.265800
908020.000000 5.407000
909230.000000 4.725700
910440.000000 4.614400
911650.000000 4.673600
912870.000000 5.665900
914080.000000 5.069200
915300.000000 5.577500
916520.000000 5.451300
917740.000000 5.985800
918970.000000 5.634600
920200.000000 4.920100
921430.000000 4.694500
922660.000000 5.789600
923900.000000 5.308500
925140.000000 5.522000
926380.000000 4.452400
927620.000000 4.694800
928870.000000 4.481000
930120.000000 4.916800
931370.000000 5.476000
932620.000000 4.695300
933870.000000 4.723700
935130.000000 4.626000
936390.000000 4.793900
937660.000000 4.780200
938920.000000 4.879000
940190.000000 5.161800
941460.000000 5.730600
944010.000000 5.337800
945290.000000 4.809800
946580.000000 4.500500
947860.000000 4.727900
949150.000000 4.794600
950440.000000 5.005200
951730.000000 4.894000
953030.000000 4.513100
954320.000000 4.338700
955620.000000 4.682900
956930.000000 4.703800
958230.000000 6.053600
959540.000000 4.937100
960850.000000 5.726300
962160.000000 5.145100
963480.000000 5.296200
966120.000000 4.818000
967440.000000 4.742400
968770.000000 4.915100
970100.000000 4.904200
971430.000000 4.939900
972760.000000 5.063100
974100.000000 4.963600
975440.000000 5.096700
976790.000000 5.056800
978130.000000 5.071200
979480.000000 5.345700
980830.000000 5.044700
982190.000000 5.168300
983550.000000 5.221200
984910.000000 5.008300
986270.000000 5.486000
989000.000000 5.238800
990380.000000 4.552100
991750.000000 5.076200
993130.000000 5.078000
994510.000000 4.726800
997280.000000 5.468200
998670.000000 4.784000
1000100.000000 5.160000
1001500.000000 5.677800
1002900.000000 4.579100
1004300.000000 4.936400
1005700.000000 4.472100
1007100.000000 4.910900
1008500.000000 4.827600
1009900.000000 5.656100
1011300.000000 4.569900
1012700.000000 5.205300
1014100.000000 5.160900
1015600.000000 4.861200
1017000.000000 4.515200
1018400.000000 4.710000
1019900.000000 5.129800
1021300.000000 5.040100
1022700.000000 5.109200
1024200.000000 5.434300
1025600.000000 5.574300
1027100.000000 5.386400
1028500.000000 5.612600
1030000.000000 5.674000
1031400.000000 5.265600
1032900.000000 4.925800
1034400.000000 4.915200
1035800.000000 5.197400
1038800.000000 4.476200
1040300.000000 4.572800
1041700.000000 4.985100
1043200.000000 4.620100
1044700.000000 4.840300
1046200.000000 4.923400
1049200.000000 4.818700
1050700.000000 4.543500
1052200.000000 4.393900
1053700.000000 4.440800
1055200.000000 4.717700
1056700.000000 5.649200
1058200.000000 4.995500
1059700.000000 4.702700
1061300.000000 4.758200
1062800.000000 5.627500
1064300.000000 5.643500
1065800.000000 5.178300
1067400.000000 5.239700
1068900.000000 4.474500
1070400.000000 5.519000
1072000.000000 4.869300
1073500.000000 4.665300
1075100.000000 4.546300
1076600.000000 4.581000
1078200.000000 5.412300
1079800.000000 5.067600
1081300.000000 5.291300
1082900.000000 5.211400
1084500.000000 4.961600
1086000.000000 4.957800
1087600.000000 5.391600
1089200.000000 4.569000
1090800.000000 4.410900
1092400.000000 4.687600
1094000.000000 4.144600
1095600.000000 4.742700
1097200.000000 4.702300
1098800.000000 4.716300
1100400.000000 5.005600
1102000.000000 5.042500
1103600.000000 5.307900
1105200.000000 4.884800
1106800.000000 4.935300
1108500.000000 4.681600
1110100.000000 4.805900
1111700.000000 5.356300
1113400.000000 5.037200
1115000.000000 5.325600
1116600.000000 4.506700
1118300.000000 5.047500
1119900.000000 5.016800
1121600.000000 4.375800
1123300.000000 5.022900
1124900.000000 4.489200
1126600.000000 4.584600
1128200.000000 5.264100
1129900.000000 5.357400
1131600.000000 4.529500
1133300.000000 4.852400
1134900.000000 5.222900
1136600.000000 5.151100
1138300.000000 4.703700
1141700.000000 4.990300
1143400.000000 5.092600
1145100.000000 4.470300
1146800.000000 4.982700
1148500.000000 4.860200
1150300.000000 4.479100
1152000.000000 5.197700
1153700.000000 4.531400
1155400.000000 4.570200
1157200.000000 4.916800
1158900.000000 4.975200
1160600.000000 4.841100
1162400.000000 4.065300
1164100.000000 4.964800
1165900.000000 5.529300
1167600.000000 5.475200
1169400.000000 5.071500
1171200.000000 5.028400
1172900.000000 5.037900
1174700.000000 4.888300
1176500.000000 5.242300
1178300.000000 4.986000
1180000.000000 5.074800
1181800.000000 4.873600
1183600.000000 5.267600
1185400.000000 5.293600
1187200.000000 4.876100
1189000.000000 4.827400
1190800.000000 4.580100
1192700.000000 4.654400
1194500.000000 5.124400
1196300.000000 5.221200
1198100.000000 4.636100
1199900.000000 5.094900
1201800.000000 4.714400
1203600.000000 5.445100
1205500.000000 5.002400
1207300.000000 4.735400
1209200.000000 4.936800
1211000.000000 5.397300
1212900.000000 4.962300
1214700.000000 4.927500
1216600.000000 4.976300
1218500.000000 5.796400
1220300.000000 5.113000
1222200.000000 5.507000
1224100.000000 5.041400
1226000.000000 4.510600
1227900.000000 4.478700
1229800.000000 4.384100
1231700.000000 4.333700
1233600.000000 4.818500
1235500.000000 5.049600
1237400.000000 4.848100
1239300.000000 5.010300
1241300.000000 5.064900
1245100.000000 4.757600
1247100.000000 4.935300
1249000.000000 4.803100
1251000.000000 5.148300
1252900.000000 5.278000
1254900.000000 4.795000
1256800.000000 5.066700
1258800.000000 4.871000
1260800.000000 4.789100
1262700.000000 4.997600
1264700.000000 4.688300
1266700.000000 4.707700
1268700.000000 4.994100
1270700.000000 5.548200
1272700.000000 4.754900
1274700.000000 4.858900
1278700.000000 4.766400
1280700.000000 4.981300
1282700.000000 4.728400
1284800.000000 5.050000
1286800.000000 4.849900
1288800.000000 4.489800
1292900.000000 4.766700
1295000.000000 5.090600
1297000.000000 4.977400
1299100.000000 4.922800
1301200.000000 4.974800
1303200.000000 4.866100
1305300.000000 5.034800
1307400.000000 4.950300
1309500.000000 4.799400
1313700.000000 4.951400
1315800.000000 4.699500
1317900.000000 5.450400
1320000.000000 5.746400
1322100.000000 4.901600
1326300.000000 4.995900
1328500.000000 4.465200
1330600.000000 4.799600
1332700.000000 5.008900
1334900.000000 4.930700
1337000.000000 5.057400
1339200.000000 4.772400
1341400.000000 5.051400
1343500.000000 4.997700
1345700.000000 4.638700
1347900.000000 4.946300
1350100.000000 4.760400
1352300.000000 4.811800
1354500.000000 5.356400
1356700.000000 5.259600
1358900.000000 4.589800
1361100.000000 4.855200
1363300.000000 5.182300
1367700.000000 5.029300
1370000.000000 4.671100
1372200.000000 4.665600
1374400.000000 4.790800
1376700.000000 4.470200
1378900.000000 4.669400
1383500.000000 5.245700
1385700.000000 5.220900
1388000.000000 4.862300
1390300.000000 4.565700
1392600.000000 4.999700
1394900.000000 4.877900
1397200.000000 5.099700
1399500.000000 5.049000
1401800.000000 4.699200
1404100.000000 4.478000
1406400.000000 4.993700
1408800.000000 5.344800
1411100.000000 5.008100
1413400.000000 4.882300
1415800.000000 5.194400
1418100.000000 4.816800
1420500.000000 5.570600
1422800.000000 4.773300
1425200.000000 4.839800
1430000.000000 5.589500
1432300.000000 5.106500
1434700.000000 5.168100
1437100.000000 5.068000
1439500.000000 4.591200
1441900.000000 5.298000
1444400.000000 4.619000
1446800.000000 4.336800
1449200.000000 4.907200
1451600.000000 4.725700
1454100.000000 5.040400
1456500.000000 4.888500
1459000.000000 4.867200
1461400.000000 5.008700
1463900.000000 5.407400
1466400.000000 5.118100
1468900.000000 5.149800
1471400.000000 5.407500
1473800.000000 5.438300
1476300.000000 4.949300
1478800.000000 5.618700
1483900.000000 4.824900
1486400.000000 5.077400
1488900.000000 4.638500
1491500.000000 4.844500
1494000.000000 4.957700
1496500.000000 4.863100
1499100.000000 5.019400
1501600.000000 4.974600
1504200.000000 5.075700
1506800.000000 4.765300
1509400.000000 4.911600
1512000.000000 4.747800
1514600.000000 5.073300
1517200.000000 5.273100
1519800.000000 4.903100
1522400.000000 4.875600
1525000.000000 5.452600
1530300.000000 4.714300
1532900.000000 4.966700
1538200.000000 4.926600
1540900.000000 4.636200
1543500.000000 4.601600
1546200.000000 4.671900
1548900.000000 4.819200
1551600.000000 4.864900
1554300.000000 5.306700
1557000.000000 5.284300
1559700.000000 4.763500
1562400.000000 5.146000
1565100.000000 5.847300
1567900.000000 5.216700
1570600.000000 5.025700
1573400.000000 4.980100
1576100.000000 5.443100
1578900.000000 5.583900
1581600.000000 5.068600
1587200.000000 5.168400
1592800.000000 5.058700
1595600.000000 5.386100
1598400.000000 5.300000
1601200.000000 4.851400
1604100.000000 5.343900
1609700.000000 5.731600
1612600.000000 5.409300
1618300.000000 5.208700
1621200.000000 4.779100
1624100.000000 4.909600
1627000.000000 4.988300
1629900.000000 4.952400
1632800.000000 4.957500
1635700.000000 5.147400
1638600.000000 5.489300
1644500.000000 4.979800
1650400.000000 4.876800
1659300.000000 5.178300
1662300.000000 4.301000
1665300.000000 4.778000
1668300.000000 5.103700
1671300.000000 5.517000
1674300.000000 4.980300
1677300.000000 4.839500
1680300.000000 5.149400
1683400.000000 5.641500
1686400.000000 5.455000
1689500.000000 5.437200
1695600.000000 4.744500
1698700.000000 5.253500
1701800.000000 4.982900
1704900.000000 5.123800
1708000.000000 5.189200
1711100.000000 5.030800
1714200.000000 4.956900
1720500.000000 5.459500
1723600.000000 4.915700
1726800.000000 5.532200
1730000.000000 5.061600
1733100.000000 5.349500
1736300.000000 5.178000
1739500.000000 5.078400
1742700.000000 5.553700
1745900.000000 5.003100
1749100.000000 4.777800
1752400.000000 5.255900
1755600.000000 5.540700
1758900.000000 5.205100
1762100.000000 4.998400
1765400.000000 5.328100
1768600.000000 5.175700
1771900.000000 5.127900
1775200.000000 4.929700
1778500.000000 5.552500
1781800.000000 5.532400
1785200.000000 5.408200
1788500.000000 5.029200
1791800.000000 5.260800
1795200.000000 5.376400
1798500.000000 5.107400
1801900.000000 5.084600
1805300.000000 5.449800
1808700.000000 5.265800
1812100.000000 5.571400
1815500.000000 5.064200
1818900.000000 5.368300
1822300.000000 5.800100
1825700.000000 5.444000
1829200.000000 5.253200
1832600.000000 5.832100
1836100.000000 5.480600
1839600.000000 5.694900
1843100.000000 5.720300
1846600.000000 5.301100
1850100.000000 5.457300
1853600.000000 5.172300
1857100.000000 5.338700
1860600.000000 5.802400
1864200.000000 5.205600
1867700.000000 5.486100
1871300.000000 5.705000
1874800.000000 5.148900
1878400.000000 5.614200
1882000.000000 5.091700
1885600.000000 5.012100
1889200.000000 5.400300
1892900.000000 5.684300
1896500.000000 5.796100
1900200.000000 4.965800
1903800.000000 4.924000
1907500.000000 5.279200
1914800.000000 5.642300
1918500.000000 5.720500
1921700.000000 5.432500
2000000.000000 5.721300
2595000.000000 6.463300
2600000.000000 6.457400
2750000.000000 6.543500
2754000.000000 6.543500
2800000.000000 6.505600
2900000.000000 6.533700
3100000.000000 6.469800
3200000.000000 6.289500
3300000.000000 6.175700
3600000.000000 6.000200
3700000.000000 6.008900
3800000.000000 5.967500
4100000.000000 5.671100
4750000.000000 5.306900
6500000.000000 3.775600
7000000.000000 3.464600
8000000.000000 3.014600
9000000.000000 2.718400
10000000.000000 2.514100
10500000.000000 2.507800
11000000.000000 2.542400
11500000.000000 2.537600
12000000.000000 2.552800
16000000.000000 3.066800
17000000.000000 3.110300
18500000.000000 3.444900
19000000.000000 3.509800
19500000.000000 3.518500
20000000.000000 3.487300
20000010.000000 3.272300
21000000.000000 3.270266
22000000.000000 3.234000
22378090.000000 3.210468
22552430.000000 3.199534
23000000.000000 3.171625
24000000.000000 3.113000
24359710.000000 3.093893
24369360.000000 3.093392
25000000.000000 3.061827
25911870.000000 3.018694
26000000.000000 3.014600
27000000.000000 2.966434
28000000.000000 2.888000
29000000.000000 2.776440
29625810.000000 2.706765
30000000.000000 2.667800
30445240.000000 2.623223
31000000.000000 2.568307
32000000.000000 2.473011
32478710.000000 2.429825
32793620.000000 2.402470
33000000.000000 2.385036
34000000.000000 2.306676
34154860.000000 2.295514
35000000.000000 2.239600
35752030.000000 2.196923
36000000.000000 2.184088
37000000.000000 2.137056
37141710.000000 2.130884
38000000.000000 2.095286
38091870.000000 2.091615
39000000.000000 2.056127
39154170.000000 2.050177
39751340.000000 2.027093
40000000.000000 2.017400
41000000.000000 1.979263
41193070.000000 1.972261
42000000.000000 1.944938
43000000.000000 1.925927
44000000.000000 1.924257
44163740.000000 1.924897
45000000.000000 1.929500
45348130.000000 1.931484
45667060.000000 1.933392
46000000.000000 1.935521
47000000.000000 1.943115
47564970.000000 1.948474
48000000.000000 1.953255
48521870.000000 1.959849
49000000.000000 1.966798
49926420.000000 1.983041
50000000.000000 1.984500
51000000.000000 2.004979
52000000.000000 2.026713
52485210.000000 2.037845
53000000.000000 2.050147
54000000.000000 2.075687
54242250.000000 2.082232
55000000.000000 2.103700
55535960.000000 2.119404
56000000.000000 2.132946
57000000.000000 2.161979
57152430.000000 2.166387
58000000.000000 2.190828
59000000.000000 2.219526
60000000.000000 2.248100
61000000.000000 2.277108
61381340.000000 2.288315
61679270.000000 2.297078
62000000.000000 2.306489
63000000.000000 2.335397
64000000.000000 2.363044
64772730.000000 2.383080
65000000.000000 2.388700
66000000.000000 2.412164
66131960.000000 2.415134
67000000.000000 2.434111
68000000.000000 2.455135
69000000.000000 2.475793
70000000.000000 2.496600
70864790.000000 2.517245
71000000.000000 2.520801
71934530.000000 2.546244
72000000.000000 2.548024
73000000.000000 2.573565
74000000.000000 2.593022
75000000.000000 2.602300
76000000.000000 2.605182
77000000.000000 2.608012
78000000.000000 2.610791
78452640.000000 2.612032
79000000.000000 2.613520
80000000.000000 2.616200
81000000.000000 2.618842
81394270.000000 2.619874
82000000.000000 2.621449
83000000.000000 2.624016
84000000.000000 2.626535
85000000.000000 2.629000
86000000.000000 2.626453
87000000.000000 2.616646
87949660.000000 2.604122
88000000.000000 2.603432
89000000.000000 2.590385
90000000.000000 2.580800
91000000.000000 2.576143
92000000.000000 2.574175
93000000.000000 2.572568
94000000.000000 2.569150
95000000.000000 2.561900
96000000.000000 2.550436
97000000.000000 2.536116
98000000.000000 2.519612
99000000.000000 2.501545
100000000.000000 2.482500
102000000.000000 2.444481
104000000.000000 2.407212
106000000.000000 2.369864
108000000.000000 2.331727
110000000.000000 2.292200
112000000.000000 2.252180
114000000.000000 2.212963
116000000.000000 2.174613
118000000.000000 2.137177
120000000.000000 2.100700
122000000.000000 2.065496
124000000.000000 2.031320
126000000.000000 1.997429
128000000.000000 1.963178
130000000.000000 1.928000
132000000.000000 1.888629
134000000.000000 1.844520
136000000.000000 1.798937
138000000.000000 1.754735
140000000.000000 1.714400
142000000.000000 1.677203
144000000.000000 1.641034
146000000.000000 1.606042
148000000.000000 1.572361
150000000.000000 1.540100