  1.000000E-5 6.153875E+0 
  1.000000E-4 6.153875E+0 
  1.000000E-3 6.153874E+0
  1.000000E-2 6.153875E+0 
  2.530000E-2 6.153875E+0 
  1.000000E-1 6.153874E+0
  1.000000E+0 6.153865E+0 
  1.000000E+1 6.153772E+0 
  1.000000E+2 6.152843E+0
  1.000000E+3 6.143570E+0 
  1.000000E+4 6.052242E+0 
  5.000000E+4 5.675138E+0
  1.000000E+5 5.261726E+0 
  1.500000E+5 4.902371E+0 
  2.000000E+5 4.588613E+0
  2.500000E+5 4.314134E+0 
  3.000000E+5 4.074345E+0 
  3.500000E+5 3.866189E+0
  4.000000E+5 3.688231E+0 
  4.100000E+5 3.656290E+0 
  4.200000E+5 3.625608E+0
  4.300000E+5 3.596223E+0 
  4.400000E+5 3.568182E+0 
  4.500000E+5 3.541553E+0
  4.600000E+5 3.516429E+0 
  4.700000E+5 3.492934E+0 
  4.800000E+5 3.471245E+0
  4.900000E+5 3.451609E+0 
  5.000000E+5 3.434385E+0 
  5.100000E+5 3.420108E+0
  5.200000E+5 3.409594E+0 
  5.300000E+5 3.404141E+0 
  5.400000E+5 3.405902E+0
  5.500000E+5 3.418639E+0 
  5.600000E+5 3.449344E+0 
  5.700000E+5 3.512067E+0
  5.800000E+5 3.637849E+0 
  5.900000E+5 3.903532E+0 
  6.050000E+5 5.113460E+0
  6.100000E+5 6.006056E+0 
  6.150000E+5 7.097766E+0 
  6.160000E+5 7.294136E+0
  6.170000E+5 7.465924E+0 
  6.180000E+5 7.605080E+0 
  6.190000E+5 7.704581E+0
  6.200000E+5 7.759303E+0 
  6.210000E+5 7.766719E+0 
  6.220000E+5 7.727230E+0
  6.230000E+5 7.644063E+0 
  6.240000E+5 7.522756E+0 
  6.250000E+5 7.370374E+0
  6.300000E+5 6.398632E+0 
  6.350000E+5 5.511314E+0 
  6.400000E+5 4.880824E+0
  6.450000E+5 4.457835E+0 
  6.500000E+5 4.172031E+0 
  6.550000E+5 3.973725E+0
  6.600000E+5 3.831916E+0 
  6.650000E+5 3.727585E+0 
  6.671530E+5 3.691072E+0
  6.700000E+5 3.648781E+0 
  6.750000E+5 3.588124E+0 
  6.800000E+5 3.540530E+0
  6.850000E+5 3.502633E+0 
  6.900000E+5 3.472097E+0 
  6.950000E+5 3.447265E+0
  7.000000E+5 3.426942E+0 
  7.050000E+5 3.410242E+0 
  7.100000E+5 3.396501E+0
  7.150000E+5 3.385215E+0 
  7.200000E+5 3.375997E+0 
  7.250000E+5 3.368543E+0
  7.300000E+5 3.362623E+0 
  7.350000E+5 3.358054E+0 
  7.400000E+5 3.354704E+0
  7.450000E+5 3.352472E+0 
  7.500000E+5 3.351317E+0 
  7.550000E+5 3.351238E+0
  7.600000E+5 3.352305E+0 
  7.650000E+5 3.354693E+0 
  7.700000E+5 3.358753E+0
  7.750000E+5 3.365158E+0 
  7.800000E+5 3.375248E+0 
  7.850000E+5 3.391832E+0
  7.900000E+5 3.421448E+0 
  7.950000E+5 3.481754E+0 
  8.000000E+5 3.631964E+0
  8.010000E+5 3.687448E+0 
  8.020000E+5 3.758645E+0 
  8.030000E+5 3.851303E+0
  8.040000E+5 3.973485E+0 
  8.050000E+5 4.136173E+0 
  8.060000E+5 4.353152E+0
  8.070000E+5 4.638003E+0 
  8.080000E+5 4.993228E+0 
  8.090000E+5 5.385215E+0
  8.100000E+5 5.715279E+0 
  8.110000E+5 5.844631E+0 
  8.120000E+5 5.711029E+0
  8.130000E+5 5.396078E+0 
  8.140000E+5 5.032696E+0 
  8.150000E+5 4.705132E+0
  8.160000E+5 4.440077E+0 
  8.170000E+5 4.234825E+0 
  8.180000E+5 4.077883E+0
  8.190000E+5 3.957592E+0 
  8.200000E+5 3.864529E+0 
  8.250000E+5 3.618582E+0
  8.300000E+5 3.523975E+0 
  8.350000E+5 3.479302E+0 
  8.400000E+5 3.455398E+0
  8.450000E+5 3.441598E+0 
  8.600000E+5 3.424948E+0 
  8.700000E+5 3.421811E+0
  8.800000E+5 3.420681E+0 
  8.900000E+5 3.420101E+0 
  9.000000E+5 3.419280E+0
  9.500000E+5 3.399057E+0 
  1.000000E+6 3.340156E+0 
  1.050000E+6 3.242470E+0
  1.100000E+6 3.115852E+0 
  1.150000E+6 2.973162E+0 
  1.200000E+6 2.825767E+0
  1.300000E+6 2.543978E+0 
  1.400000E+6 2.298570E+0 
  1.500000E+6 2.094024E+0
  1.600000E+6 1.926110E+0 
  1.748830E+6 1.737803E+0 
  1.800000E+6 1.689316E+0
  1.900000E+6 1.620999E+0 
  2.000000E+6 1.598008E+0 
  2.100000E+6 1.635905E+0
  2.200000E+6 1.746741E+0 
  2.300000E+6 1.911272E+0 
  2.400000E+6 2.107708E+0
  2.500000E+6 2.401078E+0 
  2.600000E+6 2.742763E+0 
  2.650000E+6 3.157569E+0
  2.700000E+6 3.950667E+0 
  2.710000E+6 4.052659E+0 
  2.720000E+6 4.099014E+0
  2.730000E+6 4.088768E+0 
  2.740000E+6 4.033916E+0 
  2.750000E+6 3.952083E+0
  2.760000E+6 3.859278E+0 
  2.770000E+6 3.766506E+0 
  2.800000E+6 3.531600E+0
  2.900000E+6 3.074146E+0 
  3.000000E+6 2.734340E+0 
  3.100000E+6 2.420915E+0
  3.200000E+6 2.191167E+0 
  3.300000E+6 2.014762E+0 
  3.400000E+6 1.882980E+0
  3.500000E+6 1.775324E+0 
  3.600000E+6 1.693592E+0 
  3.700000E+6 1.622154E+0
  3.800000E+6 1.556269E+0 
  3.900000E+6 1.489750E+0 
  4.000000E+6 1.415132E+0
  4.100000E+6 1.296656E+0 
  4.200000E+6 1.269366E+0 
  4.300000E+6 1.352767E+0
  4.400000E+6 1.363831E+0 
  4.500000E+6 1.352397E+0 
  4.600000E+6 1.336255E+0
  4.700000E+6 1.319662E+0 
  4.800000E+6 1.303783E+0 
  4.900000E+6 1.289876E+0
  5.000000E+6 1.277068E+0 
  5.100000E+6 1.265123E+0 
  5.200000E+6 1.254176E+0
  5.300000E+6 1.244153E+0 
  5.400000E+6 1.234975E+0 
  5.500000E+6 1.220000E+0
  5.900000E+6 1.200000E+0 
  6.250000E+6 1.176664E+0 
  6.450000E+6 1.163330E+0
  6.500000E+6 1.159999E+0 
  7.000000E+6 1.135000E+0 
  7.100000E+6 1.130000E+0
  7.500000E+6 1.120000E+0 
  8.000000E+6 1.140000E+0 
  8.400000E+6 1.160000E+0
  9.000000E+6 1.142860E+0 
  9.100000E+6 1.139995E+0 
  9.500000E+6 1.149995E+0
  1.000000E+7 1.140000E+0