9.003000E+5 0.000000E+0
1.000000E+6 8.110000E-2
1.200000E+6 1.564000E-1
1.400000E+6 2.237000E-1
1.600000E+6 2.846000E-1
1.615761E+6 2.889150E-1
1.800000E+6 4.710500E-1
2.000000E+6 6.156000E-1
2.200000E+6 7.462600E-1
2.400000E+6 8.590200E-1
2.441729E+6 8.782490E-1
2.500000E+6 9.076770E-1
2.504000E+6 9.086780E-1
2.577380E+6 9.375880E-1
2.595467E+6 9.612660E-1
2.600000E+6 9.749000E-1
2.600050E+6 9.816160E-1
2.611544E+6 9.846560E-1
2.613554E+6 9.858730E-1
2.629631E+6 1.001440E+0
2.754000E+6 1.141790E+0
2.779350E+6 1.189030E+0
2.800000E+6 1.232300E+0
2.835621E+6 1.261710E+0
2.861000E+6 1.285050E+0
2.933000E+6 1.353040E+0
2.970000E+6 1.389130E+0
3.000000E+6 1.422500E+0
3.000412E+6 1.422700E+0
3.052663E+6 1.456730E+0
3.106000E+6 1.496830E+0
3.133000E+6 1.522190E+0
3.165000E+6 1.553430E+0
3.200000E+6 1.602490E+0
3.400000E+6 1.716730E+0
3.600000E+6 1.859900E+0
3.800000E+6 2.002420E+0
4.000000E+6 2.115100E+0
4.400000E+6 2.245910E+0
4.500000E+6 2.287780E+0
5.000000E+6 2.377130E+0
5.500000E+6 2.389700E+0
6.000000E+6 2.382270E+0
7.000000E+6 2.444960E+0
7.600000E+6 2.442570E+0
7.800000E+6 2.415110E+0
8.000000E+6 2.367650E+0
8.500000E+6 2.140090E+0
9.000000E+6 1.847520E+0
9.500000E+6 1.504960E+0 
1.000000E+7 1.237400E+0
1.050000E+7 1.016760E+0
1.100000E+7 8.161200E-1
1.200000E+7 6.348400E-1
1.300000E+7 4.835600E-1
1.400000E+7 3.922800E-1
1.600000E+7 2.697210E-1
1.800000E+7 2.271610E-1
2.000000E+7 1.996010E-1
2.000001E+7 0.000000E+0
1.500000E+8 0.000000E+0       