  1.000000E-5 3.713628E+1
  2.000000E-5 3.224498E+1
  5.000000E-5 2.790478E+1
  1.000000E-4 2.571732E+1
  2.000000E-4 2.417056E+1
  5.000000E-4 2.279806E+1
  1.000000E-3 2.210633E+1
  2.000000E-3 2.161720E+1
  5.000000E-3 2.118318E+1
  1.000000E-2 2.096443E+1
  2.530000E-2 2.076834E+1
  5.000000E-2 2.067250E+1
  1.000000E-1 2.060332E+1
  2.000000E-1 2.055439E+1
  5.000000E-1 2.051095E+1
  1.000000E+0 2.048901E+1
  2.000000E+0 2.047341E+1
  5.000000E+0 2.045928E+1
  1.000000E+1 2.045169E+1
  2.000000E+1 2.044545E+1
  5.000000E+1 2.043707E+1
  1.000000E+2 2.042815E+1
  2.000000E+2 2.041317E+1
  5.000000E+2 2.037161E+1
  1.000000E+3 2.030435E+1
  2.000000E+3 2.017221E+1
  4.000000E+3 1.991433E+1
  6.000000E+3 1.966407E+1
  8.000000E+3 1.942096E+1
  1.000000E+4 1.918468E+1
  1.500000E+4 1.862195E+1
  2.000000E+4 1.809600E+1
  4.000000E+4 1.629575E+1
  6.000000E+4 1.486744E+1
  8.000000E+4 1.370595E+1
  1.000000E+5 1.274239E+1
  1.500000E+5 1.092347E+1
  2.000000E+5 9.643237E+0
  3.000000E+5 7.951994E+0
  4.000000E+5 6.876451E+0
  5.000000E+5 6.125481E+0
  6.000000E+5 5.566913E+0
  7.000000E+5 5.132043E+0
  8.000000E+5 4.781603E+0
  9.000000E+5 4.491504E+0
  1.000000E+6 4.246138E+0
  1.200000E+6 3.850489E+0
  1.400000E+6 3.541783E+0
  1.600000E+6 3.291349E+0
  1.800000E+6 3.082224E+0
  2.000000E+6 2.903682E+0
  2.200000E+6 2.748580E+0
  2.400000E+6 2.611955E+0
  2.600000E+6 2.490235E+0
  2.800000E+6 2.380773E+0
  3.000000E+6 2.281558E+0
  3.200000E+6 2.191030E+0
  3.400000E+6 2.107954E+0
  3.600000E+6 2.031337E+0
  3.800000E+6 1.960371E+0
  4.000000E+6 1.894386E+0
  4.200000E+6 1.832823E+0
  4.400000E+6 1.775213E+0
  4.600000E+6 1.721153E+0
  4.800000E+6 1.670299E+0
  5.000000E+6 1.622354E+0
  5.500000E+6 1.513587E+0
  6.000000E+6 1.418191E+0
  6.500000E+6 1.333743E+0
  7.000000E+6 1.258400E+0
  7.500000E+6 1.190730E+0
  8.000000E+6 1.129596E+0
  8.500000E+6 1.074084E+0
  9.000000E+6 1.023447E+0
  9.500000E+6 9.770666E-1
  1.000000E+7 9.344290E-1
  1.050000E+7 8.950999E-1
  1.100000E+7 8.587108E-1
  1.150000E+7 8.249463E-1
  1.200000E+7 7.935351E-1
  1.250000E+7 7.642418E-1
  1.300000E+7 7.368615E-1
  1.350000E+7 7.112148E-1
  1.400000E+7 6.871439E-1
  1.450000E+7 6.645095E-1
  1.500000E+7 6.431880E-1
  1.550000E+7 6.230693E-1
  1.600000E+7 6.040552E-1
  1.650000E+7 5.860577E-1
  1.700000E+7 5.689977E-1
  1.750000E+7 5.528040E-1
  1.800000E+7 5.374121E-1
  1.850000E+7 5.227637E-1
  1.900000E+7 5.088059E-1
  1.950000E+7 4.954905E-1
  2.000000E+7 4.827735E-1