0.000010 16.699940
0.000020 11.808640
0.000050 7.468441
0.000100 5.280985
0.000200 3.734221
0.000500 2.361728
0.001000 1.669994
0.002000 1.180864
0.005000 0.746844
0.010000 0.528099
0.025300 0.332013
0.050000 0.236173
0.100000 0.166999
0.200000 0.118086
0.500000 0.074684
1.000000 0.052809
2.000000 0.037342
5.000000 0.023616
10.000000 0.016699
20.000000 0.011807
50.000000 0.007466
100.000000 0.005277
200.000000 0.003729
500.000000 0.002353
1000.000000 0.001658
2000.000000 0.001165
4000.000000 0.000812
6000.000000 0.000654
8000.000000 0.000559
10000.000000 0.000494
15000.000000 0.000391
20000.000000 0.000328
40000.000000 0.000208
60000.000000 0.000155
80000.000000 0.000124
100000.000000 0.000104
150000.000000 0.000075
200000.000000 0.000059
300000.000000 0.000045
400000.000000 0.000038
500000.000000 0.000035
600000.000000 0.000034
700000.000000 0.000033
800000.000000 0.000033
900000.000000 0.000033
1000000.000000 0.000034
1200000.000000 0.000034
1400000.000000 0.000035
1600000.000000 0.000036
1800000.000000 0.000036
2000000.000000 0.000037
2200000.000000 0.000037
2400000.000000 0.000037
2600000.000000 0.000037
2800000.000000 0.000037
3000000.000000 0.000037
3200000.000000 0.000037
3400000.000000 0.000037
3600000.000000 0.000037
3800000.000000 0.000037
4000000.000000 0.000036
4200000.000000 0.000036
4400000.000000 0.000036
4600000.000000 0.000036
4800000.000000 0.000035
5000000.000000 0.000035
5500000.000000 0.000035
6000000.000000 0.000034
6500000.000000 0.000034
7000000.000000 0.000033
7500000.000000 0.000033
8000000.000000 0.000033
8500000.000000 0.000032
9000000.000000 0.000032
9500000.000000 0.000032
10000000.000000 0.000032
10500000.000000 0.000031
11000000.000000 0.000031
11500000.000000 0.000031
12000000.000000 0.000031
12500000.000000 0.000030
13000000.000000 0.000030
13500000.000000 0.000030
14000000.000000 0.000030
14500000.000000 0.000030
15000000.000000 0.000029
15500000.000000 0.000029
16000000.000000 0.000029
16500000.000000 0.000029
17000000.000000 0.000029
17500000.000000 0.000028
18000000.000000 0.000028
18500000.000000 0.000028
19000000.000000 0.000028
19500000.000000 0.000027
20000000.000000 0.000027
