1188000.000000 0.000000
1200000.000000 0.000060
1218300.000000 0.000050
1250000.000000 0.000060
1300000.000000 0.000070
1314000.000000 0.000070
1350000.000000 0.000090
1395000.000000 0.000100
1400000.000000 0.000100
1450000.000000 0.000110
1476100.000000 0.000130
1500000.000000 0.000140
1530000.000000 0.000150
1600000.000000 0.000190
1780460.000000 0.000295
1800000.000000 0.036450
1900000.000000 0.138580
2000000.000000 0.215690
2073000.000000 0.252780
2210798.000000 0.268142
2286000.000000 0.557900
2300000.000000 0.591218
2345017.000000 0.677103
2400000.000000 0.805020
2500000.000000 0.932840
2600000.000000 1.010180
2770030.000000 1.015397
2778709.000000 1.020473
2900000.000000 1.221439
3000000.000000 1.267163
3111450.000000 1.407485
3200000.000000 1.604763
3345920.000000 1.594563
3400000.000000 1.646122
3486917.000000 1.657000
3596907.000000 1.673643
3600000.000000 1.674188
3800000.000000 1.673180
4000000.000000 1.668045
4200000.000000 1.673599
4400000.000000 1.677229
4500000.000000 1.680091
4600000.000000 1.679170
4800000.000000 1.677787
5000000.000000 1.674875
5200000.000000 1.673846
5400000.000000 1.672355
5500000.000000 1.671913
5600000.000000 1.672824
5800000.000000 1.675138
6000000.000000 1.679111
6800000.000000 1.700971
7000000.000000 1.705983
7270000.000000 1.711106
8000000.000000 1.714265
8600000.000000 1.706182
9000000.000000 1.697659
9500000.000000 1.684366
10000000.000000 1.667321
10200000.000000 1.661230
11000000.000000 1.629707
11600000.000000 1.594958
12000000.000000 1.558431
12400000.000000 1.475730
13000000.000000 1.248314
13500000.000000 1.046112
14000000.000000 0.873934
14500000.000000 0.725534
15000000.000000 0.592367
16000000.000000 0.427259
17000000.000000 0.329358
18000000.000000 0.256615
19000000.000000 0.222464
20000000.000000 0.207096
