  1.000000E+5 0.000000E+0
  1.000000E+5 9.400650E+0
  1.050000E+5 9.343400E+0
  1.100000E+5 9.237500E+0
  1.200000E+5 8.929050E+0
  1.250000E+5 8.874470E+0
  1.300000E+5 8.869720E+0
  1.350000E+5 8.914610E+0
  1.400000E+5 9.058280E+0
  1.500000E+5 9.543140E+0
  1.600000E+5 9.832090E+0
  1.700000E+5 9.925310E+0
  1.750000E+5 9.628430E+0
  1.800000E+5 9.380790E+0
  1.850000E+5 9.035460E+0
  1.900000E+5 8.788720E+0
  1.950000E+5 8.394830E+0
  2.000000E+5 8.148560E+0
  2.100000E+5 8.392700E+0
  2.300000E+5 9.470570E+0
  2.400000E+5 9.324000E+0
  2.500000E+5 8.931150E+0
  2.600000E+5 8.146420E+0
  2.700000E+5 8.097870E+0
  2.800000E+5 8.441810E+0
  2.900000E+5 8.539550E+0
  3.000000E+5 7.901940E+0
  3.100000E+5 7.362600E+0
  3.200000E+5 7.461210E+0
  3.300000E+5 7.854740E+0
  3.400000E+5 8.297090E+0
  3.500000E+5 8.641080E+0
  3.600000E+5 8.690570E+0
  3.700000E+5 8.545730E+0
  3.800000E+5 8.251360E+0
  3.900000E+5 8.546300E+0
  4.000000E+5 9.086770E+0
  4.100000E+5 9.284250E+0
  4.200000E+5 9.284350E+0
  4.300000E+5 8.989570E+0
  4.400000E+5 8.940340E+0
  4.500000E+5 8.940170E+0
  4.600000E+5 8.841850E+0
  4.700000E+5 8.645160E+0
  4.800000E+5 8.153700E+0
  4.900000E+5 7.711240E+0
  5.000000E+5 7.563520E+0
  5.200000E+5 8.316260E+0
  5.300000E+5 8.544360E+0
  5.400000E+5 8.543790E+0
  5.500000E+5 8.150270E+0
  5.600000E+5 7.999330E+0
  5.700000E+5 7.802110E+0
  5.800000E+5 7.654130E+0
  6.000000E+5 7.573930E+0
  6.200000E+5 7.640880E+0
  6.400000E+5 7.746820E+0
  6.600000E+5 7.823260E+0
  6.800000E+5 7.879860E+0
  7.000000E+5 7.867490E+0
  7.200000E+5 7.745060E+0
  7.400000E+5 7.429850E+0
  7.600000E+5 7.053820E+0
  7.800000E+5 6.709510E+0
  8.000000E+5 6.443890E+0
  8.200000E+5 6.690100E+0
  8.400000E+5 7.129860E+0
  8.600000E+5 7.109350E+0
  8.800000E+5 6.951930E+0
  9.400000E+5 6.539080E+0
  9.600000E+5 6.411200E+0
  1.000000E+6 6.263120E+0
  1.050000E+6 6.173210E+0
  1.100000E+6 6.133320E+0
  1.150000E+6 6.044860E+0
  1.200000E+6 5.937510E+0
  1.314000E+6 5.587070E+0
  1.350000E+6 5.480000E+0
  1.400000E+6 5.343570E+0
  1.500000E+6 5.197350E+0
  1.600000E+6 5.095670E+0
  1.800000E+6 4.825490E+0
  1.900000E+6 4.666280E+0
  2.073000E+6 4.484990E+0
  2.286000E+6 4.327270E+0
  2.400000E+6 4.271750E+0
  3.000000E+6 4.048400E+0
  3.200000E+6 3.989060E+0
  3.400000E+6 3.948170E+0
  3.600000E+6 3.879640E+0
  3.800000E+6 3.825170E+0
  4.000000E+6 3.792600E+0
  4.200000E+6 3.776570E+0
  4.400000E+6 3.774340E+0
  4.600000E+6 3.783400E+0
  4.800000E+6 3.801040E+0
  5.000000E+6 3.827440E+0
  5.200000E+6 3.837650E+0
  5.600000E+6 3.927090E+0
  5.800000E+6 3.949940E+0
  6.800000E+6 4.121570E+0
  7.270000E+6 4.180500E+0
  8.000000E+6 4.246790E+0
  8.600000E+6 4.276080E+0
  9.000000E+6 4.275460E+0
  9.500000E+6 4.259580E+0
  1.020000E+7 4.215450E+0
  1.100000E+7 4.149340E+0
  1.300000E+7 3.933260E+0
  1.600000E+7 3.589340E+0
  1.700000E+7 3.485490E+0
  1.800000E+7 3.397090E+0
  2.000000E+7 3.262940E+0